200
1 27 6.65793193933074
1 81 5.391119045305542
2 96 6.742332378368684
2 33 9.009278717803934
2 77 9.609374811214664
3 8 5.1706573793031705
4 15 2.4141554355967623
4 100 5.5810271036211105
5 32 8.13481286094158
5 79 2.1160511106474864
6 62 4.361857167431113
6 26 2.773809528301075
6 75 2.2148937339271315
7 40 8.404881350984903
7 8 3.966705775591307
7 21 8.889505131498737
7 77 6.605364578441291
8 29 6.906820301832495
8 58 5.021914467252734
9 85 5.812108130027625
9 20 9.75004381813617
10 46 9.89595606486839
11 58 3.005301393661158
11 41 8.034383734646676
12 94 2.208967031945499
12 33 2.2169868672675346
12 36 7.491727290948051
13 77 5.3100149112514545
14 80 1.6620067642126664
15 36 5.011062602438458
16 33 3.0779256810487805
17 48 3.5268990960343904
18 36 9.278829678536782
18 43 2.780371830624156
19 53 7.382169155255951
20 36 7.594468718055948
20 28 1.7518844262138433
20 30 6.9498487421825255
20 37 4.7744792454932465
21 32 3.6166749408051304
21 22 1.0379336602273792
21 42 2.475179162803806
22 36 9.314699020107614
23 56 8.227445099420304
23 53 1.0557937117757294
24 95 6.040719524986675
25 59 1.633013739747394
25 66 5.951267188895194
25 87 2.0157438024188483
26 89 7.515926026087049
26 66 7.054888008373373
26 69 5.325105699192076
26 83 9.631385663627208
27 68 7.951999725665107
28 51 3.2285452454555177
29 75 7.573781894739176
30 45 1.896758821324191
30 50 4.915559092541104
31 61 9.801395121753972
31 67 8.987231559519955
31 92 1.296261529627424
32 65 5.507379983282595
33 86 9.81044171885718
33 49 9.073234700502304
33 69 6.098004675096956
34 68 2.1617040271918464
35 82 3.16375880406036
35 94 5.747941902843977
36 59 5.457187630471615
37 90 4.843782637181008
38 81 9.959249861969889
39 59 1.5513868690048724
39 49 5.175523784671865
39 55 9.316164682603329
39 78 5.2194021105332205
40 69 1.6182626839662575
40 55 4.275877205419352
40 84 7.169623694900112
41 63 8.416352928169347
42 81 8.663393158121622
42 66 5.593993026760384
43 87 6.996822086373134
43 100 6.844920847244007
44 89 7.566198450637348
44 94 4.990380445609294
45 65 2.7028802471594906
46 59 7.143904697311118
47 55 7.4442380117966955
48 72 8.102710212636516
48 87 4.14841216677283
49 85 2.4390693764474296
50 73 3.2342367719329497
51 55 3.783438855575511
52 79 4.346218128942632
52 87 1.427912829685381
53 96 5.168905563522825
53 70 7.843185866506154
54 69 6.701331732879012
55 67 1.8551405029857708
56 66 5.9568157604610406
57 99 8.956697294427052
58 98 7.843803694388416
59 84 9.4295112271979
60 72 2.5040116195633875
61 84 1.3742839708790129
62 65 2.1825014889064125
62 66 2.4462846379628056
63 93 3.6267738955019544
64 86 3.5332621757459073
65 94 5.768836782029827
66 92 4.649913276064004
66 67 8.115728461223286
67 84 5.060585436444903
68 69 6.022424191988263
69 86 9.244336350889894
70 82 4.283512591820465
71 86 2.4063454132976716
71 73 3.5774594912810933
72 92 1.6893271371384717
72 79 4.698743112979996
72 85 5.951927863259575
73 87 3.035313832763614
74 87 3.2739922562347026
74 86 6.379247458013184
75 90 4.119931197464097
76 77 9.152578090115561
77 80 7.252191452236869
78 81 4.264065913299235
79 88 7.771956662120656
80 90 6.90201231392762
81 94 3.3986697471343517
82 100 3.4693391900167327
82 94 5.992561333410683
83 89 6.037586698717213
84 98 4.24055460047472
85 91 3.6370596918461153
85 88 8.690161183687248
86 98 3.570523684217137
87 89 8.621697139103903
88 89 6.7085604553469835
89 96 3.4092711178149715
90 93 6.41451814607766
91 100 5.103870090249525
92 99 2.2290859196919977
93 97 4.066887074734992
94 95 2.6390124559682606
94 98 2.0235237259745276
95 99 9.832944359911775
96 100 8.82110920471877
97 98 7.142614591716528
98 99 8.798839956637552
99 100 9.449147271260145
101 159 1.9135800413543702
101 130 8.139938107409424
102 198 5.865413388220794
103 130 8.72559439766214
103 116 3.997757700758326
104 115 7.341637779522239
105 149 6.721386764860912
106 183 5.837627728394974
107 195 9.464104665788918
108 169 2.753557149270275
108 172 4.950837421530101
108 191 8.323206859736462
108 193 1.445467567585041
109 184 1.0460761496370043
109 140 6.654164823567996
109 153 7.09050177255566
110 119 9.558139492497292
111 166 1.9272199513348784
111 161 9.124944267883713
112 128 3.998340715862491
112 149 9.553598737770624
113 132 7.217574026190459
113 125 6.755041778192593
113 148 4.516250355902812
113 167 1.4870985695161139
114 144 8.034546156489814
115 147 5.9801306697336205
116 161 6.891769732433464
117 129 4.3311111590945846
117 123 7.35682840929017
118 148 6.642973577389343
118 123 6.3833808430436925
118 157 1.4405350607257326
118 194 8.515097122309946
119 169 3.2218673599804264
119 135 3.9115937852508136
120 173 7.0764262362909935
121 122 7.964646840697592
121 133 1.729588928548102
122 127 4.568155465923423
122 124 6.551942920756941
122 131 2.3831739233686875
122 174 5.333733429465154
122 191 1.9369646101851945
123 169 4.14882855179266
124 145 5.372453365726982
125 155 9.293033137375875
125 135 1.9419532362904697
126 162 8.816423768003084
127 198 3.3140900180344355
128 167 8.036540917003471
129 167 3.4258639501479884
129 142 1.340249398462701
130 163 4.861348000069684
131 182 6.108843697495924
132 164 7.83168936848641
132 186 1.881711425423818
132 197 1.9981635222294294
133 161 3.9749928130170495
133 185 9.793792047316375
134 196 1.7745453279935859
135 181 8.606554778133903
135 183 5.288374533454288
136 168 4.276870287077737
136 185 2.691301298328339
137 185 7.5623586114198655
137 167 8.124387480735876
138 187 2.4446696575439324
139 154 2.501363565546815
139 140 7.57266585538797
139 159 6.601606410616628
140 192 1.2349028089733647
140 154 1.836269276073212
140 174 9.683255159751804
141 167 2.985858975408103
142 166 6.862697646450953
142 187 8.537758462816706
143 193 5.934457934146375
143 157 6.212026897100705
143 183 2.1351813642161837
144 148 9.419865930441308
145 179 6.453728986281053
145 189 2.92824536372763
145 197 2.5448160929538473
146 148 4.841637482021018
146 176 2.580760441893095
147 194 3.87161999715104
148 191 2.468979371166328
149 177 8.940804314140586
149 153 5.39525506314564
149 167 5.082705993170737
149 183 9.2911023982929
150 195 6.0163065179163535
151 166 8.332640806589819
152 163 6.08476025769807
152 198 4.218609865255645
153 170 9.999804456948848
153 191 7.504460188824204
154 191 6.610231936077189
155 171 3.8411990561881026
156 176 1.9744291747420046
156 186 5.368450012626152
157 197 1.2134408868815427
158 163 6.069945799071998
159 182 3.766812368343153
159 168 4.756198827129541
160 177 2.2432667627501033
160 181 4.063432335315595
161 164 6.977168747390087
162 196 7.487450798923336
162 169 9.331014116592435
162 170 4.4056030984020085
163 178 4.10854917278936
163 183 5.1459964802774545
163 194 7.287991433038129
164 196 8.018892600011482
164 175 1.1640584509079464
164 182 6.178384999587593
165 186 4.225217597564065
166 187 9.664582708911329
166 182 1.055320362095694
167 187 3.0699316649942867
167 195 3.4170357848152726
168 191 9.546131118448454
169 181 5.436816828091379
170 175 6.4777782586609876
171 186 1.0790463109948512
171 177 3.3223892658073044
171 194 3.6033641298714176
172 181 8.32988701003764
172 183 5.456827889173392
172 197 5.047839862701926
173 176 5.607790332727799
173 190 3.575263229561468
174 181 1.5910221017517916
175 177 2.510678109148752
176 182 7.286666404292424
177 186 8.714490313022157
177 194 7.1749112983373635
178 196 3.2310428318575806
179 181 2.7294679753430575
180 182 4.1145670233885365
181 196 6.768733127234357
181 182 1.291985151838709
182 197 5.376822799181015
183 199 3.6518238051826097
183 197 9.04345594164787
184 186 8.346444328836876
185 193 6.452104014462163
186 192 7.738916084872131
186 188 2.7261782614351935
187 188 9.262092068533786
188 195 1.2998903088891982
189 192 1.1516965629263254
190 197 7.423513021212861
191 196 6.768059786108308
192 193 9.34788151803781
193 196 1.2566800039501764
194 196 1.0487490318604777
195 197 5.267461230624611
196 198 6.640941828036058
197 198 2.427976716042262
198 199 4.190839818681792
82 187 7.172545524465659
