100
1 40 3.3622519286079084
2 45 1.371507465445962
3 49 5.5013785152292805
4 15 3.515069616668346
4 44 4.4715056419864085
5 24 9.34330168406322
6 37 4.5097254437606935
7 43 8.740513734449323
7 26 3.3213762711090773
8 46 8.542405971845954
9 11 4.06233906649925
9 13 8.652475810979144
10 33 3.527589698645124
11 50 6.792484785278433
11 21 8.58589741528951
11 44 9.09131198132668
12 21 3.348052971143778
12 20 3.5785625590398187
13 28 7.354193663416558
14 18 8.0009245295823
15 31 3.7030291099596306
15 32 3.0231875307981353
16 49 5.245000121247284
17 49 6.116770887820619
18 35 4.016940705186719
19 46 7.217514983586494
20 33 8.743789592269245
20 28 5.746079005334749
21 45 7.340005610390334
22 41 1.9596993750851492
23 31 5.059730201875012
23 29 2.608793376524389
24 27 9.268403899274697
25 50 3.816636131866227
26 45 7.8908037497847285
26 37 5.174223440197007
27 28 7.473493772981614
28 40 8.346862246964578
29 39 7.832366386096407
30 45 2.2952495255233973
31 47 5.621338184081862
32 33 4.618534745993619
33 47 7.000728147904354
34 43 5.554985193804325
35 49 7.010366752844286
36 39 6.935388238656355
37 47 6.742769355551705
38 46 3.887973583429197
39 42 6.463657266825094
39 43 7.88242805225032
40 50 5.843686427648066
41 43 4.722900805857123
41 45 3.6903234691884323
42 49 6.014496295356405
43 50 4.946548827434746
44 50 7.64849004879003
45 48 4.626005676117497
46 49 2.8559266059094988
47 49 9.452592826929829
48 50 9.067369503848067
49 50 6.311192861252323
51 88 4.484455796578455
52 77 6.930741340839484
53 64 6.07739716975374
54 85 3.6799715973016074
55 80 1.0596959130728738
56 59 7.885560887778746
57 64 9.631907569504543
58 61 5.424774575479692
59 98 8.743362940381422
60 96 7.366832864802291
61 85 7.125324163918604
61 62 6.586832877096939
62 86 8.627959099602453
62 77 6.023601361046772
62 80 7.818353054245128
63 83 8.667864011512282
64 68 9.020111315267382
65 72 2.8355353617560866
66 72 2.008359177203748
67 69 8.155672447622038
67 91 5.289753419527025
67 95 7.320847567265544
68 92 5.432013254409533
69 92 6.013133077014765
70 75 5.266613757643443
71 72 1.0653983653902195
72 86 3.3038489318106556
73 82 5.237223082941231
74 96 3.1344373904970295
74 88 2.503646712493077
75 76 5.063105667377801
75 84 9.56661511881587
76 84 1.4607828452623384
77 78 5.514825678427332
78 96 3.01026759626649
78 84 1.8387603694079253
79 92 9.879139928144697
79 80 6.859840456994924
80 96 1.6711692183702649
81 83 8.711261729037954
82 92 9.172664043786163
83 94 1.7373733062409222
84 90 1.62142671982987
85 88 7.187154483218183
86 88 5.872587914126813
87 99 8.808045364017852
88 94 8.353753291934623
89 96 7.409024550670958
90 93 1.6081530926633434
91 93 8.719607063776532
92 93 1.165791881292721
93 98 5.396174782215499
94 98 7.142410405465114
95 97 6.513536076085934
96 98 2.6546302726636783
97 98 6.77113952565533
98 99 3.916366070932166
20 99 1.8576760936385952
