15
1 6 6.5448004928592285
1 4 7.984237485830668
2 5 5.4377038097579335
2 3 6.288824986984374
2 4 2.0975854325011856
2 7 5.4517328275353
3 5 9.952102511493067
3 6 7.821431857953393
4 5 5.84024893200492
4 7 1.4080694175114026
5 6 4.5982677431681775
5 7 5.773958982420189
6 7 7.3335650248325175
8 11 1.1988239335510826
8 10 2.6775818581201714
8 14 3.598927999423502
9 14 3.2226071901525675
9 11 1.3042218059308759
9 12 3.836453729691443
9 13 2.8739647182567563
10 14 6.178791030040557
10 11 3.786153941117737
11 13 9.021664331080915
12 13 6.322714002519426
12 14 5.308591941029928
13 14 4.564587574390564
3 14 7.4029101558497015
