49
1 8 4.154985379991612
1 2 5.2629871933152215
2 9 1.5672596208549923
2 3 4.0965693374560015
3 10 8.804440780917698
3 4 4.546486717751157
4 11 3.96707035494378
4 5 5.54259611486046
5 12 6.714772191467148
5 6 5.513124296818502
6 13 3.6796659991042384
6 7 4.0887434228374335
7 14 2.3188437249311225
8 15 5.372106190706942
8 9 4.24797473702378
9 16 7.048445329376198
9 10 7.3195538077818005
10 17 6.060730426513161
10 11 9.385664977909075
11 18 4.503050314978405
11 12 5.04654520097295
12 19 8.262331400222466
12 13 9.167079601330983
13 20 3.3267725285366385
13 14 7.8857795425278745
14 21 5.210352540121335
15 22 1.9861563874498742
15 16 1.4245673890996997
16 23 3.359678125805849
16 17 3.634491782822095
17 24 5.843386936425092
17 18 9.183871670348749
18 25 4.7481633593087755
18 19 9.4640623960345
19 26 6.193784210269794
19 20 2.4489703662934383
20 27 2.2392676888934817
20 21 8.833749994560476
21 28 2.216013399356652
22 29 4.78919935098875
22 23 7.8478549730229155
23 30 1.7183526665739102
23 24 7.0897712364738865
24 31 5.376776912511901
24 25 7.139863773297797
25 32 8.189792294193797
25 26 7.574698564147834
26 33 8.312974023421361
26 27 6.321098105593652
27 34 6.8247995191852535
27 28 1.247819982066698
28 35 2.3278978377413306
29 36 3.261657523378961
29 30 5.120123084152829
30 37 1.3432004713901637
30 31 1.832554756328772
31 38 5.643263905112462
31 32 2.725378130872051
32 39 3.627828920931252
32 33 5.834916323635622
33 40 4.955326817010064
33 34 6.708844031543476
34 41 5.4072510232284605
34 35 6.198976306693213
35 42 4.463948697079654
36 43 2.9069566606638695
36 37 9.075616738361152
37 44 8.685973380574865
37 38 5.030068253225013
38 45 4.831842397521685
38 39 3.180887044966533
39 46 9.12161258809213
39 40 7.3496198706761735
40 47 3.175007315539787
40 41 1.5954819683186052
41 48 6.542441533501117
41 42 2.807458384199907
42 49 2.3066808980997493
43 44 2.9459175858860434
44 45 6.4217125290306605
45 46 9.833438396393102
46 47 7.256250716563475
47 48 9.782702398698177
48 49 9.104763869505279
