36
1 7 1.528281944506329
1 2 2.477643436462861
2 8 7.0065796682387536
2 3 4.557518237872041
3 9 9.199240519449548
3 4 5.037844961252225
4 10 7.705528075363823
4 5 2.3920510015845853
5 11 9.180669111103745
5 6 1.2172475183233775
6 12 6.808133265874145
7 13 4.805126503758716
7 8 1.6243242874897703
8 14 8.845565144689862
8 9 3.9923935373214885
9 15 7.593976483959944
9 10 6.067574854935062
10 16 7.369659055173009
10 11 6.098496074840049
11 17 8.783692720772626
11 12 1.8549955633070283
12 18 3.226629648497383
13 19 1.5970803142442858
13 14 4.771757093057513
14 20 8.262418360681764
14 15 8.283427420886973
15 21 1.9395396221189412
15 16 1.7619091318761448
16 22 1.4776590067794189
16 17 1.855241624675653
17 23 2.2637408924678457
17 18 7.8493459723852155
18 24 9.582153354690025
19 25 5.401056993180297
19 20 8.742167645867726
20 26 5.65031177741797
20 21 5.424872743064058
21 27 3.211682235766512
21 22 9.10963804546795
22 28 7.200476393839417
22 23 3.9388582317003156
23 29 6.889203928806078
23 24 1.6366061170777986
24 30 3.132340849821074
25 31 3.6358360859798227
25 26 7.038358209278425
26 32 6.3387754633953275
26 27 7.6623657835252885
27 33 4.344875651305377
27 28 3.114768695443166
28 34 9.240035131930783
28 29 7.5400915812219615
29 35 5.741960584872339
29 30 1.8034918476492283
30 36 4.026910632895356
31 32 8.297908370811138
32 33 1.7816873405637654
33 34 1.6131036351265582
34 35 5.27587118289662
35 36 4.815104903574477
