25
1 6 5.040213669169258
1 2 3.137297148722207
2 7 1.3359674301709035
2 3 8.385482681471824
3 8 1.0387132202978933
3 4 3.7332916252315433
4 9 5.461656551956892
4 5 7.627238098935057
5 10 6.600844943409086
6 11 1.7994120527737607
6 7 6.624925952469985
7 12 5.693324677275922
7 8 1.501928875306083
8 13 6.72128302304527
8 9 7.993570120202676
9 14 6.657935986138051
9 10 9.301692453864016
10 15 3.3789432851651435
11 16 9.278498445287955
11 12 1.0622023935935019
12 17 7.816206764823311
12 13 1.2858925050517005
13 18 8.18839751531241
13 14 9.00551053663833
14 19 6.864636192242733
14 15 1.9468186890479338
15 20 2.281243201506273
16 21 8.203051942836233
16 17 8.631988188838676
17 22 2.588917361015924
17 18 4.021264817378148
18 23 5.009235279669878
18 19 2.191022045473531
19 24 9.476486654013888
19 20 7.771313318948763
20 25 7.425894284720959
21 22 5.639928541650925
22 23 6.635235132780139
23 24 6.524744327526807
24 25 4.183576864252258
