200
1 6 6.6853222151930645
1 21 5.721387057730318
2 145 2.062104149069663
2 23 5.535716926312139
2 113 1.3147376287957524
3 175 4.302275501335346
4 69 9.508432750539304
4 134 1.2283338247741487
4 140 2.513627342178843
5 137 3.7910649446854743
5 139 5.823533376457991
6 121 2.249342636968203
6 138 3.6041758901605903
6 177 5.7887581417414875
7 92 4.413230331180849
7 166 6.55188768482301
8 164 5.127009464477885
9 32 9.912267787455317
9 87 2.9075933762211905
10 65 4.066127930974386
11 31 8.38104708495347
11 108 7.042099279177126
12 68 9.42746147348727
12 139 9.108685772245492
12 166 1.1006440336488161
13 188 5.486876607507865
13 156 2.8766666164272783
14 164 1.3347468007037264
14 27 1.5786784805700353
15 60 4.677945355199815
15 90 2.0851184680680515
15 127 3.198687285708246
16 177 7.186722959316091
16 35 4.088568289450022
16 43 9.850607889460864
16 109 9.36121380631552
17 40 4.1569839230731995
18 139 3.556479551558744
18 87 1.6213746743285675
18 126 6.3188582357087215
18 166 6.394161047452544
19 54 5.247287496710387
20 147 9.896601196338322
20 42 1.9063226297915357
20 148 7.22229235279195
21 109 3.7991595245532768
21 54 8.860043046308245
21 117 5.306778781137275
21 130 9.61698210760877
22 170 4.5920412261213714
22 41 4.576438533113925
22 49 6.013032306377429
22 187 6.310676822634937
23 151 9.07921739681284
23 89 7.139469085373642
23 92 1.265048317096971
24 56 4.769134990114161
24 94 9.346299858037355
24 112 8.016638782362339
24 116 6.99162909044947
25 84 5.040828123927939
25 116 3.6574996448826713
26 166 5.117243920392747
27 30 9.561032360474622
27 152 3.533716627382592
27 155 5.505164428489357
28 185 1.021342495493366
28 40 9.195623345545654
28 83 4.080424796316518
29 40 7.403606858294196
29 83 5.625350599079249
29 145 8.629353844679011
29 199 5.873127098174749
30 177 6.053877574875418
30 189 9.745502750743157
30 194 9.859230771072005
31 143 6.950955129507281
31 40 6.461320726157519
31 106 4.668399245997309
31 144 2.2959066716207586
32 168 1.5058544822206308
32 83 1.738516862831105
32 154 5.266923303898305
33 142 1.6053844157795414
33 174 7.951053953153545
34 138 2.7000425886383317
34 48 8.662319797812831
34 167 6.477655611780241
35 199 3.946430681346512
35 135 2.951851085824872
35 181 9.258909146466406
36 127 8.713330557477779
36 60 1.1857385991538703
36 134 4.844976341213691
36 151 7.333856354464975
37 81 1.5037355045932141
37 86 5.698299132299412
38 193 4.855292891600378
38 76 8.175786841315256
38 117 8.808803392009231
39 65 4.606765343792796
39 63 9.99932311437233
39 83 8.933636228790974
39 93 4.748280783584487
39 107 5.242723990175953
39 166 6.680148023661602
40 154 4.0291043276010345
40 57 8.130083231721882
40 153 8.776368421850535
40 166 5.205637401837474
41 74 6.8450396449508215
41 79 2.2777903122301293
41 106 7.225472264404386
41 193 9.687682874371943
42 183 5.079524220064854
43 185 9.501175644454323
44 114 7.2961833686281
44 118 6.9054725167446165
45 73 2.164009780708981
46 148 9.894028853970914
46 89 9.795384952366753
46 91 8.907068046871059
47 78 4.595054246605466
47 70 6.489301488578233
47 87 5.753473311602628
47 94 1.580895148718506
47 168 7.719494241851919
48 136 9.085244465744303
48 105 3.528438205262285
48 139 3.0436080300633312
49 76 6.344574194863171
50 149 7.763791409752963
50 58 6.065847996327683
51 197 8.7254148541238
51 91 8.492501524008656
52 94 1.416452940580042
52 55 3.774671300433445
52 154 8.491663222465782
53 58 1.3867396269286374
53 113 4.7776141038333675
53 152 2.8265751111197366
54 161 9.65124637561563
54 79 5.221429491618594
55 132 7.314566545030546
55 62 5.8263616272945535
55 86 8.54349057267952
56 139 1.3756961164684416
56 107 2.925584176238508
57 67 9.703194248423564
57 160 6.878566200062929
58 69 2.3206094930326113
58 187 8.752696317323597
59 147 5.413109783906757
59 116 1.5284639405886704
60 105 9.527270730134022
61 140 2.8678220068459304
61 65 1.4434030689146198
62 139 6.184650558331871
62 70 6.2568614896552575
62 173 7.232495639684428
63 186 6.46352939801093
64 80 9.37400903607649
64 69 7.662130573235663
64 89 1.6773309742209417
64 96 7.48949035625952
65 77 1.3095698866876617
66 83 3.306691348976833
66 115 5.403735735472059
67 91 3.8908914027036863
67 80 8.210677518571913
67 145 7.678409891843601
68 112 5.9985518514602
68 86 7.539678125274317
69 188 3.3707678025583503
69 127 1.0703785484432764
70 184 6.351475208730127
70 108 5.528641807856506
70 145 6.206287533293919
70 200 2.2509237593152296
71 166 1.631510850464359
72 169 6.299555024691254
73 76 4.099906275905647
74 84 4.4000981084207185
74 106 8.40939607054232
74 127 3.0906394501021115
74 188 2.8215555199279256
75 126 1.8611929860558085
75 199 7.760743988407997
76 159 7.963013911997872
76 77 6.382309782476327
77 191 4.664532261725524
77 79 5.902439529295927
77 107 8.73805867002991
77 138 8.331766358709201
78 165 6.70138836193511
78 166 2.890760765430614
79 200 4.656535130941857
79 104 1.0096262752710174
80 122 9.425213850918647
80 92 7.697741411181515
80 125 8.275447034173357
80 132 4.90257058516589
80 153 1.882476564437674
80 176 5.1302904449477245
80 181 1.9609889101256552
81 138 9.339130366820772
81 186 2.164474501447903
82 147 1.9202363043251722
82 167 2.479291637944465
83 199 9.131696458078483
83 137 4.526632149068318
84 184 7.4233497108166215
85 172 1.1196878210173686
85 117 2.4992850015050383
85 140 1.8467696096620632
86 139 2.6241946336175843
87 127 6.32136740207273
88 180 6.09259512958639
88 128 1.455335992924761
88 132 3.593679667145457
89 138 8.531953759489378
89 101 2.6090616088301566
89 121 9.075937552362703
89 136 2.232930152146926
89 172 8.096357031809903
90 157 6.563942965389291
91 152 2.0423534408269184
91 111 8.759057333525123
91 194 7.904558604464152
92 186 3.1441772006795334
93 136 2.7418973215014697
93 152 4.642710701580704
93 158 7.709694072577578
94 136 5.4341127703294845
94 127 6.533336183371134
95 146 3.4212639963214917
95 114 2.8614587795872106
95 132 6.099487238022682
95 168 8.307371821163299
96 116 2.387637031645446
96 184 3.72685311373771
97 150 4.754357389409634
98 132 7.698208070554718
99 149 6.8674573237509575
100 138 8.459751227004759
101 136 8.352179093349704
102 189 2.14967834045828
102 173 2.1635622090038433
103 196 9.464123330687801
104 188 5.79197197770902
105 197 7.610981987511211
105 129 7.404382599141419
105 181 4.068568387588788
106 123 2.9189461887393593
106 109 6.5675940312901755
107 194 1.0603494850827797
107 125 2.2125401613982865
108 118 6.184391657344454
109 118 1.1838038443398347
110 150 2.8997485583675413
110 127 8.732860336203457
111 116 1.3617457595921323
111 173 4.873539835536524
112 157 8.575876612867312
112 139 4.29989162307648
112 179 8.741924663613988
113 133 8.07729127406267
113 173 5.2615014760273695
114 133 6.695586306915908
114 122 9.94072550468808
114 173 4.799834507951075
115 160 4.4918240579845845
116 126 6.971442137209848
117 200 9.351078803612232
118 163 5.0295160184271
118 140 3.566104545483908
118 182 8.401659430401928
119 161 8.117297286578028
119 197 3.7178557510167725
120 160 6.9490315485875795
120 130 8.964982347199262
121 136 9.550429853111726
121 129 5.960808216460849
121 134 2.9489770242360756
121 158 9.255265884194243
122 200 2.292510348526271
123 188 9.976249181090363
123 142 4.398379818404262
123 199 5.990001440038746
124 135 3.370460015230215
124 170 9.825130219879778
125 194 3.9934911997754217
125 139 2.5475434432062363
126 196 9.315631362760133
127 140 7.1894686579259535
127 195 8.39638037100322
128 154 3.370017659208737
129 194 9.448252235891813
129 131 7.565680385731698
129 192 4.125842568287906
130 163 4.113801656975342
130 166 1.184626403213656
131 143 3.3172026041854927
132 143 4.102934735552054
132 177 6.080627383363726
133 138 8.348483175490415
134 173 9.283218616624561
134 139 2.4466161626026617
135 197 1.384786809508011
136 153 2.1777892911574437
137 170 1.187951411166198
137 183 6.943941118068869
138 171 3.5200619201979233
138 181 3.410243399134906
139 143 8.046252721894108
140 194 6.793408021461085
140 181 2.2597243449087907
140 185 5.968713626521761
141 197 4.24648206266991
141 147 9.583872653020677
142 150 6.076403602276664
142 170 4.875566909435092
143 163 8.657544706793527
143 147 2.3078069014551597
143 181 2.8680570761237814
144 158 8.725556698429486
144 163 4.243501956668939
145 179 1.7016533628751525
146 195 7.412520679013088
147 160 5.974327584548964
148 160 5.089276317229523
149 157 1.152842288007923
150 169 9.513053468514142
150 159 4.048550375142285
150 174 3.0262375131371133
150 186 4.091386500626667
151 192 5.906043463695761
152 165 1.2248098044639235
153 191 8.844543484067035
153 181 3.754390994824659
154 192 1.274092781763768
155 157 1.5177851112503014
156 158 6.361613075745206
157 168 4.798100719971188
158 181 5.253347321159483
159 168 5.294066166416567
160 183 7.876322876104945
161 182 6.554226537228223
161 180 8.854621362025883
161 191 7.737148276407979
162 175 1.699636988657673
163 194 8.875300645217079
164 188 9.465822657422782
165 188 6.605959349910055
165 170 6.715423365019094
166 167 4.746270544069922
166 190 8.617885881420015
167 200 4.316612749616444
168 170 3.684613562471055
168 200 8.451638454455761
169 187 1.3909164405629806
169 174 7.460908298844279
169 184 7.8367077420679
170 197 1.5956004663598229
170 181 7.210268908292072
170 186 5.2024141712175815
171 173 1.599706108665453
172 186 9.330106669699003
173 184 1.0898549720784239
173 174 8.232729988800141
174 187 3.222312041198137
175 179 1.469724842882382
176 192 6.534782939115651
176 184 8.612213469863324
177 192 9.876004026084537
178 189 6.504307513145239
179 191 7.88124241500874
180 182 6.174047987347714
181 188 7.058950640089323
181 186 6.466575290841619
181 193 7.4139583947588
182 196 2.374025041557645
183 184 5.530462706027748
184 194 4.8788103233007325
185 192 7.803300633054484
185 186 7.057550028415624
186 199 8.448835571855295
186 200 4.721333450052393
187 191 9.99520343509008
188 198 2.557764428025858
189 192 3.7129781136247386
190 198 1.0728420440294766
191 199 4.168617219441049
192 199 9.32134805378077
192 193 9.451715854243753
193 199 4.422925893311608
194 200 3.0248970695886497
195 196 7.940083972716984
196 200 9.176254227322417
197 199 8.846987601459032
198 200 5.495313101477162
199 200 9.982542331112612
