50
1 40 8.688497165177397
2 27 1.5275666539135848
3 9 5.369951805436083
4 31 4.591667119476591
5 42 1.6436809645343473
6 44 9.40809843801626
7 30 7.931872123463462
8 14 7.449889743761197
8 9 1.1879656087657526
8 23 4.80322142398517
8 26 8.889811915380665
9 14 3.497856969736561
10 20 4.500179880540935
11 37 1.581133086211267
12 24 6.324169779288576
13 22 6.215148256048526
13 17 1.1155671860724539
14 34 7.815932493113534
15 42 4.353780632369227
16 28 9.485801138222127
17 50 5.714040887297341
18 34 1.475588190888864
18 19 3.7111880535943653
19 26 8.565276120202636
20 33 3.95173905123867
21 47 4.674767769835251
21 42 3.4522355584351505
22 35 7.491953929656743
23 33 1.3517170003309147
24 25 9.032536296219801
24 36 8.298674402416935
25 30 4.1933547173451995
26 30 5.1273514143981975
27 49 4.713424204212544
27 31 6.9844479902285235
28 46 7.500427000803038
28 50 8.185406079527155
29 30 2.106676506913912
30 50 5.1531572679596245
30 43 5.24630392848363
31 33 3.8630337885892914
32 36 4.973272455733584
33 35 7.299277203700191
34 42 7.75320825092802
35 42 5.8848222243615655
36 40 7.244144128814522
37 43 2.9786519479263864
38 41 1.0890017042463747
39 49 9.660702785349033
40 47 8.957126743378437
41 50 4.665471755949725
42 49 8.839243335547025
43 49 7.362635185150824
44 48 7.929788779220486
45 50 1.5331003671789407
46 47 1.8620881083834924
47 49 8.134936561944244
48 49 1.4721344360949846
49 50 9.861857138208665
