100
1 59 4.3911777074517335
1 72 7.517497529642874
2 65 1.5218586477549803
2 38 9.108322922653796
3 4 2.565191269431307
4 6 8.316420896237242
4 51 3.918979858605179
4 77 5.726374801602642
5 73 7.156286726213009
5 89 7.965439327050675
6 42 9.017203592101579
6 11 7.356935695346566
6 29 9.93175587804162
6 37 2.347708174037839
7 66 4.180689102882744
7 24 7.30285675443087
7 82 2.394048491862846
8 33 1.3534330767645528
8 25 4.455502146492568
8 47 3.2659641732895306
9 39 8.188777441069544
9 99 7.283501478268505
10 22 4.382287414346013
10 56 4.39255612152349
10 95 6.512964698512041
11 33 4.3214836998948165
11 29 9.16278147450508
11 82 4.599509881631087
12 60 9.14357156449094
13 88 9.67858148640147
13 42 8.1127872802573
14 28 5.509997132937736
15 98 7.872408413984028
15 76 3.6843149829525093
16 69 5.7918284107750475
16 49 6.139314246315939
17 75 5.746139552060577
17 95 9.350775825175447
18 91 9.959438980300394
18 29 8.287949060603543
18 62 3.0993740783135335
19 42 5.4758136335864585
19 48 2.067852499241562
19 58 5.766209612722995
19 85 6.432920047439137
19 99 2.5025363854419442
20 72 1.3388633716321117
20 56 7.3794317493635635
21 81 3.795763467248112
22 40 9.392590550999273
22 96 8.485212322620852
23 92 9.356988512731348
24 36 5.316669733721627
24 53 3.8832992147520677
25 74 4.116081171309052
26 81 8.910020747761031
26 79 9.631932623540278
27 99 9.274373045992716
27 36 4.5420924468346024
27 57 4.143056023924339
28 93 3.0951758330951904
29 86 2.8652934749081584
29 93 5.036402532467236
30 91 2.2301459246821445
30 89 6.7498503610312985
31 39 2.636298363387475
31 42 4.724123162738588
32 86 4.399248212489797
32 45 2.3164025711202685
32 87 3.4539108777251917
33 47 1.1603246175386293
34 72 2.543009530174987
34 50 6.209189262919677
35 52 1.823318341884148
36 56 6.2472748118355605
37 90 3.3648379691580077
38 70 2.62984247194707
39 76 1.6640900021452527
39 65 9.572376542633632
40 69 3.2360588870769798
40 45 2.4581150397237295
41 98 6.526016910101128
42 83 7.400328877477126
42 79 9.532000565718752
43 81 1.0971253533746435
44 100 2.442564960812435
44 52 9.331246631331256
45 69 2.245108947674492
45 86 2.250696753480484
46 72 3.927490634175296
47 51 4.113479677626656
48 65 7.9698627239631366
49 75 1.19074192630449
50 85 8.376575603888929
51 99 7.151184875905493
52 88 5.900344109504998
52 82 6.157706393730379
52 87 3.210454867216251
53 84 4.768240996185078
54 95 3.562238275689099
55 64 6.289336969283288
56 64 2.3212973190271056
56 78 2.9854096421594534
57 59 4.416598386813335
57 87 1.1787646077198346
58 74 1.6317316318372672
58 80 2.640977408472465
59 71 4.74763639044399
59 60 5.3919260527936625
59 67 7.585985515109538
60 89 8.620828364850839
61 85 2.0878343472570338
62 99 7.6595836011813
62 66 5.565927040931545
63 67 3.196552820145577
64 70 6.469417681595603
64 92 4.087293232576798
65 89 4.8251679802046095
66 68 4.026391045865208
67 68 2.9864468467581906
68 80 2.9065844261483464
69 78 7.1873911507261345
70 97 1.2133928731639205
70 81 4.0654684730517765
71 92 7.8545277230289985
72 73 3.952483581187294
73 80 1.569346700755231
74 100 1.988568842254363
75 95 1.9592286243873112
76 90 7.442833277404958
77 84 8.693278415756485
78 81 2.8566492502606815
79 85 3.2380361062191874
80 99 2.019264140018451
81 83 5.359987661855191
81 91 8.111503500911198
82 93 5.505440503504202
83 97 2.5527421173485063
84 89 2.821595152791325
85 94 5.465583979314844
86 89 7.154235270533512
87 89 9.637277190555391
88 95 1.9547809963417322
89 97 4.265884454787972
90 100 3.9517388663718265
91 100 6.652601774395301
92 99 5.538912262660249
93 97 3.1933271871559796
94 95 3.753301633622521
95 99 6.8162395761668355
96 98 4.072025946609326
97 98 3.8568847148753047
98 100 9.068528017392358
99 100 9.97814794638627
