200
1 44 8.964484370607165
1 191 7.0389529676715
2 193 3.5014180885372674
2 28 3.235341192545844
2 57 8.568776397949419
2 101 6.188631417021748
3 124 9.613560606074092
3 52 4.411786947165367
3 83 7.328944719729829
3 127 4.437466165941018
3 131 6.489919777245522
4 129 1.2389049809512862
4 45 7.506278216767784
4 155 1.1864624811489044
5 102 7.982059634661386
5 24 5.7834121374912275
6 64 5.579079368411721
6 42 5.153884883991396
6 95 3.356595535148137
6 159 5.535316999567822
6 189 5.27868608255207
7 101 5.716368047838275
7 58 5.418962381744688
7 103 7.708387436233991
8 154 3.5477683156706252
8 133 9.58914282296445
9 144 3.9733734905405056
9 91 9.998366523056799
9 99 4.681340365614151
10 12 4.437774300305334
10 123 3.154572271832736
10 139 9.00365434159392
11 85 3.7526864452242084
11 46 4.485054339434752
11 51 7.304347719286005
11 54 3.0993294645112774
12 179 8.183915498425138
13 81 1.2903238777438073
13 151 6.87772824226267
14 29 6.008885795266952
14 71 7.5053739574797955
14 85 1.7078988357689973
15 55 8.461388459503898
15 92 9.542713398415438
15 155 1.5855857586504705
16 18 2.129101296633693
17 159 7.358435171209887
17 132 5.597302597736045
18 130 5.4527138580923085
18 120 5.240673065625088
18 156 4.6995107408022285
18 175 7.48937862221125
19 120 9.796400678638989
19 55 3.286620340557321
19 63 2.8054215637843782
20 43 7.855690903808662
20 54 5.209039756179667
20 85 4.708655896990281
20 101 9.511807194088341
20 135 5.763440989066489
20 198 8.665974651168597
21 101 8.230020997121404
21 154 3.046623522576577
22 192 4.452413546508446
22 105 2.878627890877442
22 109 3.3403252940201345
22 116 5.264793131054669
23 70 2.6302821362860103
23 55 2.0087315129023438
23 80 1.2842836834719797
23 178 8.887019098053726
24 140 9.40319084666836
24 34 5.170335595575414
25 46 9.67600177595156
25 63 1.1077380200785232
25 120 4.558803077904799
26 98 7.679515383689106
26 37 5.871418626320002
26 56 8.919797768558626
26 87 8.988363472760355
26 190 7.8270854850971645
27 43 5.561215855346851
27 111 3.1019488977676595
27 167 2.33825745736098
27 171 1.2675936075211958
27 196 8.897580346375033
28 39 6.0728755113536295
28 82 7.22258904346957
28 116 1.5455110672500378
29 102 9.48152373579933
29 34 9.60272773609599
29 62 5.716021429320314
29 77 1.767890065774166
29 83 9.194176095665515
29 92 4.535729455845811
29 138 6.030897795231176
29 155 6.319643380615391
29 157 8.412616889237158
30 71 1.3629891031956216
30 150 5.76589217867692
31 165 5.634595625652738
32 121 7.596715050938133
33 35 7.867785811988499
34 40 6.7927429644793555
34 97 3.5236847053116023
34 185 3.7467059972199923
35 101 6.3901199691455695
35 51 5.546803084201824
35 105 6.278223872388443
35 178 5.39355258229898
36 179 8.28795459776296
37 100 3.4223471454577084
37 184 6.11164748655835
38 139 5.186182645307841
38 87 1.9596122954225255
38 94 3.7289489961531617
39 190 2.906015083306767
39 70 4.102600447239133
40 159 1.9737351882313892
40 89 1.9363731042957113
40 128 9.07646284037183
40 145 4.632980287778131
40 169 6.683701059898332
41 85 8.934542487444292
41 59 7.250263412305536
41 99 6.672182001178771
41 149 7.190617427947084
41 176 5.1936308221700624
42 177 7.512211939333555
43 137 1.4371235950528298
43 114 9.73351021131169
44 199 8.73322141415789
45 79 8.41717176656592
45 63 5.342519748187643
45 98 6.311811432509243
46 65 8.993366462130323
46 125 3.977708815207377
46 193 1.7644931892673004
47 49 8.970283906011499
47 81 3.0762487125189963
47 119 9.985541733145372
47 146 1.1534546175470979
48 122 8.71425138933214
48 94 3.35751612686245
49 197 1.8933642390228318
49 77 6.620622657387457
50 119 9.946003747644554
50 128 7.397766736427727
50 189 3.7002931364645724
51 115 7.521773664260988
51 93 5.934259137130276
52 140 1.052066821780965
52 124 6.427561125464429
52 139 5.727678954516091
52 194 4.526569343831099
53 196 7.379733986946402
53 64 8.703013068769687
53 118 6.007483170540219
54 117 9.216818635356088
54 121 2.7536800315636203
54 125 4.681153956088586
54 155 9.397311566836407
55 149 5.676041541174058
55 130 1.0276851193349064
55 152 6.916075443361006
56 93 2.914286386464572
57 119 6.298322330474614
57 138 2.630083826627593
58 92 4.0931373557334885
58 65 2.088125300476886
58 69 7.1318061422635255
58 139 2.7545938496932205
59 119 1.8774778384103108
59 116 8.977850108473277
59 126 3.1481216778777634
59 164 5.479781711950077
59 175 1.19029133576554
60 188 1.3442916506153804
61 74 9.887972672584068
61 134 1.966832452717675
62 164 1.5416927726610012
62 85 6.855327315660725
62 140 5.387265082059212
63 137 3.2491415626841125
63 120 1.5825595436659405
63 189 1.6280324416369236
64 87 5.2108648527159165
64 77 6.125619182182756
65 171 9.73133897475372
65 102 9.954073962885161
65 167 4.29919066420597
66 196 8.581538750108223
66 135 7.564752660939489
66 163 2.0009659371110065
67 168 9.842185159278712
67 101 1.9723837233747332
68 192 4.0513590611640655
69 118 9.309978595313396
69 192 6.7215640568641435
70 155 7.4270345793907815
70 71 1.4259415464950411
71 95 1.587150480741288
71 76 8.185994723230966
71 174 2.5850187238018574
72 178 8.335741792503983
73 165 5.572777079136837
73 85 7.482318945992389
74 172 7.3083971832931
74 130 1.6800980149790288
75 97 2.5621609321267567
75 178 7.211561654833099
76 82 2.8170864903594808
77 175 2.5638396873384757
78 197 2.496765483758197
78 91 5.438385942170589
78 107 8.497750268468977
79 124 6.839242498668059
80 173 8.450436048254012
80 152 4.681909307343402
81 118 1.3291176620988967
81 111 1.5918278104114982
82 185 7.948356198274478
83 96 7.314274650916827
83 104 1.0109593666424672
84 109 5.0433089178231505
84 147 7.495004892036874
84 151 9.293497595306942
85 103 5.741552657953349
85 174 4.179397706658353
86 149 8.90994528407656
86 122 3.5868027537900087
86 157 9.50733749100884
87 198 5.107848627902261
87 93 8.76095275759951
88 130 5.903975082362793
89 117 4.469298139603215
89 189 2.9430441654040376
90 101 6.8649340914162345
90 109 5.7239988234881425
90 171 3.2385706661526203
91 110 8.341476946407207
92 160 2.977463413227783
92 112 7.489695077644882
93 191 1.663220945706687
93 176 4.486495584830381
94 147 4.091634191799512
94 105 2.8953170197094256
94 190 9.30235712699519
95 107 8.215334891214068
95 166 8.151293075110601
96 152 9.397372659639172
96 104 3.2290902159588617
96 125 6.863062718547745
97 166 2.298446868621798
97 101 6.695588215590397
98 200 6.800876789721629
99 193 3.4759662243173883
99 126 3.8183756641615645
100 140 2.4628566501667093
100 111 7.829747389523394
100 200 6.347161864942266
101 129 1.7022151345610013
101 110 2.701049046358442
101 125 4.959633806474267
102 161 7.2064274325147855
102 138 8.684616772820132
103 154 7.292052846127054
103 129 9.511650497899613
104 170 9.160605603476787
104 125 1.0077071025763473
104 162 9.659290299163324
105 153 9.438840284168474
105 190 5.7067906960776495
106 138 8.540112371868698
106 148 1.0430355146545232
107 146 5.746603729684192
108 199 4.81292661411947
108 168 9.251976234373842
109 122 7.03177943761776
109 181 5.106955601775257
110 115 7.291857572702514
110 163 7.672120607392328
111 181 4.667922424381022
111 158 8.346145512698973
112 159 7.799964349484258
112 163 3.5155540565826735
112 174 2.6271849198340105
113 175 1.5715808349420026
113 141 3.001827276635548
114 187 8.074649014001341
115 154 2.932016206904076
115 169 1.6603404384595404
115 178 8.776361873936315
115 179 2.3971310668571135
116 182 2.055310067015019
117 197 7.974161638130476
117 134 9.394288039282955
117 189 8.294869654546744
118 130 8.339327827601284
118 141 3.144660648715748
119 192 4.2762857946893265
119 120 4.770726149463884
120 141 2.7613863481105776
120 146 8.261396494913445
121 200 5.909907032914249
122 125 2.639363136723719
122 170 5.485517164825476
123 152 9.703352893005812
123 192 9.535350839151166
124 180 9.316617328593361
124 133 4.4170231319464275
124 136 6.89140496754475
124 185 3.701677544786148
125 132 4.502803080018485
126 155 8.120829218724726
127 189 5.647145989189692
127 139 5.110853788629252
128 184 1.9736848992276386
128 182 8.830984317454359
129 164 9.634782445296134
129 152 2.142170419645132
129 185 8.528513726134873
130 173 5.8501296739740285
130 136 8.820074264321317
131 181 5.6549024696273795
131 160 5.4732296626842745
132 185 2.502740492057553
132 197 1.7140552616460045
133 148 2.2389925766521284
134 139 2.0354698835542884
134 164 8.044037502987026
135 197 6.230499046026873
136 145 1.6725800611117076
136 162 4.524649142890194
137 186 2.26756252550436
137 150 4.936875002388408
138 178 8.301956697703115
139 171 5.55811548065388
140 184 3.479128827167621
141 198 7.974467596060302
142 166 6.005477380688131
143 163 3.2980581274421015
144 157 1.380733480657959
144 155 4.4769209755128
145 167 9.457996098380166
145 151 7.641351624155353
146 171 8.885390523443524
147 195 8.978069330398197
148 167 7.738295070013125
148 198 6.1526174825649464
149 182 3.3545124116551976
149 153 7.495244212288011
149 192 7.788232014021755
150 180 9.609819144720769
150 194 7.841027889073823
151 176 8.405048637886406
152 185 7.244115935540969
152 190 9.950437421685967
153 186 3.182568814460012
153 195 9.476258352894986
153 200 3.8620590699893835
154 199 9.485859914088797
155 194 7.9759388584289255
156 165 2.128979139947405
157 194 6.252127111160207
158 177 5.564150145223932
159 192 3.7026734087407105
160 194 4.076881800547039
160 189 3.994190406987075
161 170 7.137712045925354
162 197 3.7957120820708923
162 194 3.718535810221004
163 171 9.815226083658187
163 176 2.794986724311329
164 184 9.809780263321702
165 169 4.2402201529725225
165 191 5.074885083257102
166 198 7.428751401566394
167 193 5.515876278775234
168 189 1.6777659068277337
169 185 5.7571136775862355
170 183 1.800679682174783
171 193 3.4115971203936493
172 192 7.58531000369302
173 181 7.499135246712327
174 177 3.648569158755153
175 184 9.419572623701534
176 193 5.259009354833717
177 191 4.754711207633831
178 200 2.257783052098233
179 197 3.3768391200522547
180 182 6.153658160592615
181 187 5.763765318566277
182 190 8.332852272013358
183 193 3.5143261103047694
184 190 2.6860055585868468
185 195 1.5794538973027947
186 192 4.984386253108786
187 193 4.409688785860401
188 189 5.553344078424101
188 194 4.582110809377644
189 190 1.539065337506992
190 196 2.443100612792416
191 195 7.798151894305446
192 196 7.22327342644889
193 199 1.438589871857923
194 195 2.9833770530794235
195 199 6.571400266281717
196 198 1.1908789829311068
197 200 3.7417927088592426
198 200 7.397476687348771
199 200 3.5165352104234673
