100
27 31 8.670188433484318
27 15 3.101399081316705
27 77 8.091116560294537
31 47 2.4812639996252077
31 51 3.237994061519583
47 97 4.313351062029007
47 54 3.040822929138751
35 66 7.471179530980019
35 7 4.023113337618801
35 5 6.185858011132471
66 33 5.113711162710895
66 53 9.335938564972679
5 74 2.635733583321918
5 25 2.6414349819804332
74 12 4.858283403489612
74 28 1.7976436809082106
3 49 1.0156024291887302
3 76 6.6714209350026445
3 81 8.672389254821452
49 79 7.956897537551832
49 2 7.401923214788371
15 23 8.89728692058265
15 45 8.788708538214873
23 62 1.0752314108419032
23 89 9.398955050465869
32 39 7.124446767615643
32 19 3.152076948243047
32 10 9.706470117869674
39 13 8.986399125431333
39 79 1.9872956762256724
50 54 6.251867503570717
50 14 4.791803988784945
50 70 2.888267920179368
54 64 9.134302546313378
41 51 6.226123750053128
41 11 8.115912805876514
41 28 3.0809208976061697
51 84 2.0436739125499077
21 48 7.373911703330823
21 79 8.545842256113692
21 10 2.068603061273522
48 69 6.42472777390233
48 19 8.552214470921484
76 97 3.710424808726163
76 4 6.382181984468479
52 90 7.743876696667137
52 73 2.1165803658481925
52 46 8.018594234110388
90 70 5.524363444379926
90 30 8.121773667098108
58 85 2.9591934847011085
58 18 5.532868397908399
58 72 3.017554732839537
85 26 1.7328306896483774
85 18 4.642918824779881
36 82 8.19726107737624
36 65 1.19793848583903
36 44 8.438617322762834
82 38 8.159851279481964
82 78 4.0750772036216425
42 43 4.769785791947569
42 68 8.382057605874353
42 78 1.7687966378622288
43 46 6.716072093740781
43 68 7.432398845406595
56 60 1.989870301249855
56 87 8.649605651487379
56 75 1.7802892027304598
60 24 7.6227443001040465
60 86 8.665899146686044
8 29 9.864905434510712
8 72 7.910521373638696
8 19 3.30558103262305
29 70 9.445592466523266
29 69 5.535037282241273
87 24 1.9142973220082737
87 95 1.8727755826654828
38 73 1.2307035949533258
38 92 3.704019453552311
73 7 6.749494025176637
40 100 9.948550599823594
40 6 7.631761180668098
40 62 5.525678903913523
100 83 6.990260464383869
100 88 1.3544230827590855
46 86 9.306646632114996
86 93 6.911755251444954
1 63 6.161461373113788
1 55 4.7518922563304615
1 91 2.2468003397311502
63 17 9.936673271465674
63 26 1.395810624258818
30 44 4.077709242712972
30 61 4.017131792268015
44 80 4.488041235573278
6 94 3.6882306910675293
6 25 3.7999602086274695
34 78 8.335641046170425
34 71 8.521310836302419
34 81 3.4922595414728983
16 17 6.882743076461319
16 11 5.655946510568825
16 20 3.8014688059232595
17 89 7.526851282760912
89 95 2.0700087786598313
37 67 8.552024767040349
37 22 4.032764775409734
37 97 2.8931731747361553
67 92 7.2193881668153015
67 55 1.6008188457854988
72 98 4.653205991156242
98 33 1.1271040572311612
98 57 3.0336148573734683
7 93 2.4887668436318204
12 53 2.060726525557472
12 57 5.512938152678679
13 20 5.513510834275343
13 61 4.302429220331141
71 99 6.234726275596436
71 77 9.467478124577674
45 80 1.977774353911002
45 99 7.656689955117959
99 9 6.191493154370754
14 77 4.155727072235349
14 11 4.617257201500055
80 62 6.847301502463953
26 64 3.300909999819419
9 96 6.0222086205403675
9 91 8.41624649427905
69 59 9.090683203571793
83 95 9.998567391673907
83 68 6.844000204748708
24 84 7.225047663331327
4 84 7.006721742962559
4 59 3.0236489592560263
33 65 2.777341285522792
65 75 4.0228203839689245
25 61 6.519113877459999
28 59 9.311260337174055
18 96 2.9329940066155
22 75 2.9632569230641863
22 20 2.6928177218072697
2 88 5.883634590198129
2 94 7.786725872515633
88 10 3.3990322312080385
53 64 3.6973774144129328
96 92 2.2795753504413963
55 81 5.516811490778932
91 57 5.625975145916912
93 94 9.973738426480201
