50
25 31 3.7985543073219485
25 1 5.719456992657607
25 12 2.0346040058293973
31 18 4.4826596013250155
31 12 2.418613971162098
10 40 8.979936807159742
10 14 9.321382014791478
10 7 3.668875164398692
40 34 4.956370022075373
40 42 6.840948757111985
9 44 6.343170682447808
9 13 9.732550875605384
9 42 9.981423337083276
44 46 5.866628998421481
44 39 3.4214549580020703
34 36 3.6212607736985536
34 6 9.623882694435515
19 27 2.068969185834205
19 45 9.271282703771853
19 48 8.259169453049774
27 21 3.57616394591813
27 16 9.010680741924755
42 47 1.270810498316587
47 17 6.513050371618527
47 32 5.858176337072105
13 14 8.825233396145572
13 20 6.6935571416641455
14 8 9.898742800857624
20 33 7.208436616041396
20 11 3.290999578680064
16 43 8.045322996186256
16 21 5.674238495427108
43 48 5.427698792655128
43 35 5.49749570233187
21 15 8.28027723655867
36 49 5.295612213322515
36 23 4.290650482077589
49 11 4.291852220490153
49 28 3.494487975863354
45 24 8.204521133164178
45 37 7.905156378501989
7 37 8.30339776733349
7 17 5.211526236974919
37 2 9.700197140823253
22 32 7.586683361919439
22 5 6.868896107848306
22 39 4.368559019461529
32 38 8.209197339523168
5 46 5.526629850529516
5 1 8.881171761030096
48 3 6.633846386261645
15 23 2.0344224459888496
15 4 6.115153044260075
23 26 6.674567715303611
6 26 5.215512510274161
6 29 6.533562086769187
26 38 4.9538717166089254
1 30 9.704288942850589
29 3 1.6127204513600688
29 41 1.0966919402648347
18 12 7.06238600034199
18 46 3.501556145673563
24 50 5.353445499588592
24 2 1.3441840525944801
50 35 4.933195113603339
50 41 3.5319266378014396
35 17 4.436113641278867
30 38 6.318887164864925
30 4 2.507386770091477
8 11 5.261457147454653
8 28 7.4994151641225395
2 28 2.5770470935444596
3 41 9.818611526943135
39 33 7.100411395147585
33 4 5.061033701764797
