225
1 16 5.863282707111891
1 2 9.09419142221843
2 17 2.1368618081194377
2 3 7.7067272918683445
3 18 9.01055298484228
3 4 7.134150792055881
4 19 1.0668692825684136
4 5 7.460855571425574
5 20 8.849772017139559
5 6 4.849674053485885
6 21 6.32494505718198
6 7 9.07212823153649
7 22 3.449752770315703
7 8 7.215015404492144
8 23 2.0381192396796886
8 9 6.319975503434357
9 24 3.6740302153995374
9 10 6.258699271523527
10 25 6.445132558665896
10 11 1.406930853444635
11 26 5.7990960523918895
11 12 7.797969670153423
12 27 3.666739664414087
12 13 6.480269625190816
13 28 3.21339735807659
13 14 6.204708559359606
14 29 5.260596744818389
14 15 5.297522503793369
15 30 7.584847842388507
16 31 8.338847023799968
16 17 6.714886818964011
17 32 4.031317985479266
17 18 9.77678450807152
18 33 6.268061672794044
18 19 4.563965086838314
19 34 6.2431510724356425
19 20 2.8850882954423493
20 35 2.9442947375622666
20 21 9.386465841550917
21 36 7.362411019004668
21 22 5.956966880808491
22 37 1.7525201808544697
22 23 2.0170776967417883
23 38 8.399482359257172
23 24 5.3066367176098845
24 39 1.0362284086307039
24 25 5.86276348962323
25 40 4.139349755141671
25 26 2.658813611150891
26 41 3.330080342689736
26 27 7.17884853058479
27 42 9.14244900098609
27 28 8.76558352774039
28 43 6.822035951131685
28 29 9.175324950017977
29 44 6.879742431401498
29 30 5.959277412665618
30 45 8.449451677672645
31 46 5.093966779718391
31 32 1.6512096326029155
32 47 4.3563101036803085
32 33 5.6427044514384805
33 48 3.322245393286842
33 34 3.900203942083561
34 49 7.75368136760997
34 35 8.729881532683319
35 50 9.933722971656362
35 36 4.922944168537609
36 51 4.9481373053604925
36 37 7.779622246303152
37 52 1.0195382602301208
37 38 2.1976648564804737
38 53 2.271331926806517
38 39 5.972790485683923
39 54 6.855581108902102
39 40 8.97429337535284
40 55 4.023809420298921
40 41 7.680363986363167
41 56 7.225707795738539
41 42 9.500956362922507
42 57 7.239297496729947
42 43 7.422037946640609
43 58 7.236715083257823
43 44 3.983628972137071
44 59 1.840791184048971
44 45 9.217328886410593
45 60 2.792651371224017
46 61 5.141887987655201
46 47 2.7457659941913635
47 62 8.285744601335518
47 48 7.847303442841087
48 63 3.691067991100729
48 49 9.616214791943062
49 64 9.135077593444963
49 50 3.923163882885021
50 65 8.647411961084181
50 51 2.3281804647106945
51 66 3.8617299733382877
51 52 8.843813655857307
52 67 2.99647806608934
52 53 6.228899802525478
53 68 6.926288580107572
53 54 6.242731802294879
54 69 9.527171555461415
54 55 2.141811215955043
55 70 4.592194276816729
55 56 4.307773451974539
56 71 8.608417423314858
56 57 2.54435297339632
57 72 8.206914482193701
57 58 5.196838822395716
58 73 3.8442123966104234
58 59 4.183290101136312
59 74 3.633142416143217
59 60 2.997147673442095
60 75 4.538337109738656
61 76 2.4935465169428372
61 62 5.558358716970659
62 77 2.806669514158367
62 63 4.403680332227995
63 78 9.741554762737607
63 64 8.067589249362717
64 79 7.439990091925155
64 65 5.701832579411624
65 80 6.4301289528545595
65 66 9.821127810192504
66 81 5.108484387040399
66 67 2.155825521400848
67 82 4.690158871136203
67 68 1.7546557885624932
68 83 8.097405997149679
68 69 6.26473723408714
69 84 9.132292914763854
69 70 8.98089752786055
70 85 5.0959082072971125
70 71 3.6903965485040118
71 86 2.568311213611202
71 72 7.921651160125037
72 87 8.42311339721958
72 73 1.192513429281279
73 88 3.7345651802979427
73 74 1.703369766682865
74 89 9.162496621549414
74 75 7.970124313494132
75 90 8.308715444621432
76 91 5.2369748755301675
76 77 1.6277253307212796
77 92 5.6630312716819144
77 78 9.478752768034928
78 93 6.6481493050567515
78 79 2.7407296308108933
79 94 6.142644444662908
79 80 3.6354383246126076
80 95 9.385959044842906
80 81 8.355829249879967
81 96 2.775489513004744
81 82 4.590722055843212
82 97 3.8905210715460914
82 83 1.2839111605166948
83 98 3.116042128076404
83 84 4.410323142875322
84 99 7.814506639136841
84 85 8.910773724241086
85 100 9.564307338732117
85 86 9.905956039929482
86 101 4.1399071141938455
86 87 5.182348973454761
87 102 5.778802393497989
87 88 5.766784218691285
88 103 5.472899242018088
88 89 6.608821474464894
89 104 4.164404988111983
89 90 4.184344466429537
90 105 8.039361823950806
91 106 7.992633019456089
91 92 1.8980443655067543
92 107 6.633799709744267
92 93 4.185308137716906
93 108 2.5183671259316114
93 94 2.0219473084578805
94 109 5.197507337486863
94 95 2.173479619847307
95 110 9.791964923449935
95 96 9.92074269664295
96 111 1.3904447308118417
96 97 7.983942849077648
97 112 7.533479089699923
97 98 2.2662878479488073
98 113 9.599561115687633
98 99 6.036470985296464
99 114 9.948356474179782
99 100 5.142332581486868
100 115 5.8555812585837925
100 101 1.8001089085074948
101 116 5.33376278197043
101 102 5.879995815266371
102 117 8.379783349079775
102 103 7.96207541018652
103 118 4.534057052548329
103 104 6.296948297776677
104 119 7.918438796335834
104 105 6.90933255965664
105 120 2.910344417646084
106 121 2.7762684974802783
106 107 3.623595930204795
107 122 7.260883086595417
107 108 3.3773165851529603
108 123 5.931989481569019
108 109 8.867200429406942
109 124 1.0688184185263907
109 110 5.387091833151189
110 125 3.2020851568384607
110 111 1.8824983067201302
111 126 1.9752348210213384
111 112 1.6943675390603783
112 127 4.001482302653179
112 113 2.711298509960719
113 128 4.644074712157859
113 114 2.815240264714136
114 129 1.3649285405290268
114 115 3.826390021846679
115 130 7.59098885433119
115 116 8.857679064732903
116 131 3.4220648935171294
116 117 6.434005456305834
117 132 7.96636146698493
117 118 9.5634766116771
118 133 7.96809402576625
118 119 9.805422382640625
119 134 8.2065529950303
119 120 7.309764841799726
120 135 9.490192905891615
121 136 5.803277482585634
121 122 5.549502761662615
122 137 5.481699944902593
122 123 1.3130346788546685
123 138 4.972753100986952
123 124 3.9958957797666157
124 139 8.764798246774262
124 125 3.458415351809931
125 140 7.938775875236976
125 126 5.53064723034719
126 141 6.478024826064477
126 127 2.980190395715609
127 142 7.475252015482489
127 128 5.932343649917336
128 143 1.0269027149514365
128 129 2.1149845738942963
129 144 3.5431240706090197
129 130 9.340781194991848
130 145 3.6864276506557303
130 131 8.81683014037332
131 146 1.5186243406535755
131 132 9.90982376837385
132 147 5.057332095297708
132 133 1.6055445999594102
133 148 6.6169635284587205
133 134 5.804910865699235
134 149 4.907293888994987
134 135 1.3649492332450848
135 150 1.6269847865604596
136 151 8.291812940688045
136 137 4.624793173535769
137 152 1.9835565940556723
137 138 7.540049172025961
138 153 4.279459608478998
138 139 5.708819692289837
139 154 2.522164531125574
139 140 9.616471690688748
140 155 5.877719073697915
140 141 2.223446201173881
141 156 5.36956086482864
141 142 5.1443349145591775
142 157 8.022153133664812
142 143 9.903964388978723
143 158 9.259452970880158
143 144 8.39421579387858
144 159 1.9456956127505354
144 145 4.238421877667295
145 160 7.787317651390632
145 146 8.618956727680246
146 161 9.370999798405384
146 147 4.313597780367581
147 162 5.226086991866122
147 148 7.646463444280159
148 163 6.499125401549081
148 149 5.640518216787368
149 164 6.096759367875458
149 150 6.806834966976745
150 165 6.006338442133984
151 166 8.085139716928476
151 152 8.294923121523425
152 167 7.927136254104913
152 153 1.1581292648655044
153 168 5.198579577861462
153 154 3.1862441587381323
154 169 5.6349882818696955
154 155 2.5003605533347057
155 170 4.086589031587897
155 156 9.33741623198348
156 171 9.984826355900081
156 157 1.9179935749407075
157 172 9.625122835517937
157 158 1.1691657768447374
158 173 3.4777422846868866
158 159 2.1755997663607527
159 174 8.649093632088878
159 160 2.6908471436327623
160 175 5.630339141105701
160 161 7.9528087148362765
161 176 2.7172596556282524
161 162 7.052287765764381
162 177 7.274751661266665
162 163 4.668600911436263
163 178 2.9145496988570354
163 164 8.270469154530037
164 179 9.552837421092974
164 165 5.089295170041593
165 180 5.29276476922252
166 181 8.582258851710083
166 167 5.03080806004689
167 182 5.207974833578025
167 168 1.9493023668996674
168 183 5.735972269253433
168 169 8.60389546262282
169 184 6.132592524194198
169 170 9.38369873963921
170 185 7.0850223947039135
170 171 3.1416214079246263
171 186 7.864638612787686
171 172 3.270942607446578
172 187 8.125373578266009
172 173 2.2765179308488293
173 188 1.3306414958919444
173 174 9.45614658819594
174 189 2.5966206192759893
174 175 6.030279804883121
175 190 2.929870433179042
175 176 1.1771938707413163
176 191 6.970875039645362
176 177 6.171412805404522
177 192 3.8270286657571866
177 178 7.3946932878880505
178 193 7.862716500625208
178 179 1.1380219352891778
179 194 9.780513492327573
179 180 5.0325708341567505
180 195 5.934970480517222
181 196 2.742649124842541
181 182 4.981926973049298
182 197 8.395517555585549
182 183 9.590987560200732
183 198 3.737221597305835
183 184 6.080607857135345
184 199 6.964171592581526
184 185 2.7000807547223378
185 200 3.8711508124087777
185 186 9.904555925072708
186 201 6.425343099580646
186 187 5.7854513941409405
187 202 4.423972149214103
187 188 4.514618681619477
188 203 9.958445488963623
188 189 5.491642582634908
189 204 9.452121842232454
189 190 5.333189658073343
190 205 7.953811243573945
190 191 2.605301116428647
191 206 9.471747913425942
191 192 7.88729162513013
192 207 9.80851640344966
192 193 4.966593537420839
193 208 9.37615223826867
193 194 6.1562802548943525
194 209 8.86856089211679
194 195 3.9145739480605526
195 210 1.0392226919523502
196 211 4.769413836514018
196 197 2.789470667754774
197 212 3.4088902492120905
197 198 3.2143685388915166
198 213 8.806614993610431
198 199 9.804031330702609
199 214 1.758573223650222
199 200 3.7747206812857357
200 215 4.68436529557402
200 201 4.549483107708035
201 216 8.05384722567547
201 202 4.870460518959655
202 217 7.411285568400771
202 203 3.550885869678515
203 218 9.792290207933187
203 204 8.290024093581856
204 219 8.349750884784578
204 205 4.032697929112815
205 220 9.965359996662533
205 206 2.54449787906107
206 221 6.546232582301962
206 207 9.09334399015358
207 222 7.110509690424416
207 208 9.59464718784888
208 223 2.524571984126424
208 209 8.731865653802686
209 224 6.978817958473153
209 210 9.90783729009391
210 225 8.994090545030248
211 212 1.0602074524025138
212 213 2.577932203918932
213 214 5.743743045611815
214 215 7.730188217974324
215 216 3.0945896482820023
216 217 1.9426122546363551
217 218 6.284406344634449
218 219 1.8216452932349352
219 220 1.6003959823523672
220 221 3.502623596877557
221 222 7.46953850835698
222 223 2.972690807341002
223 224 6.314105271774913
224 225 4.547302215647633
