15
1 15 4.0772101939155645
1 5 7.239854301321942
2 3 1.1546836148788948
2 4 9.223705071101085
3 15 7.6370443733904665
4 13 9.52776700442363
5 15 8.588988907694972
5 11 3.861489087226862
6 9 3.4014290331087693
6 8 2.417484233748832
7 13 2.7397191234265295
7 11 7.716746391556649
7 12 2.7567537397920328
8 12 9.832462229009941
9 12 6.621853345769086
9 10 9.127897830224333
9 14 5.336849241056025
10 12 2.9792632215548798
10 11 6.854035271502992
10 14 7.701800740327093
10 15 5.38660060376689
11 13 4.7463753298629285
11 14 7.68910172149968
12 14 5.423257822376597
13 15 3.796574476100071
14 15 8.15951379838827
