100
1 2 37.85735813395885
1 99 33.02699547275951
2 67 29.89606199840682
2 9 49.965707227827615
3 4 66.81858108263738
3 49 86.46984854247057
4 5 7.528753290701857
5 6 74.26711970860173
6 7 94.96272273621798
7 8 73.97047601204552
8 9 24.527940610569246
10 32 89.28805769127304
11 12 86.25958911070116
12 13 42.49481026286859
12 89 57.57414248246892
13 28 1.1855950171629956
13 42 45.61041366670805
14 35 54.691145230891294
15 36 80.19257647677452
15 60 87.99503627818264
15 64 20.590756506343652
16 17 35.449199353269805
17 21 59.7029279826101
18 19 16.37351723666211
19 20 96.4614252362795
19 46 64.70459356560866
19 81 67.02653995115986
20 21 20.415682063841487
21 22 81.06333389833796
22 23 48.623650586236224
23 43 42.26252567155384
24 25 79.40164034262348
25 26 9.786567938954136
26 27 26.399916065735738
27 28 42.245660096524965
28 29 21.054450375844098
29 30 39.94230616590673
30 31 32.32232411736524
31 32 7.536932475538038
31 57 65.23778099294812
31 68 3.3311944792969825
32 70 70.37219539972062
33 89 61.49752532362201
33 48 96.13138504192639
34 35 52.07050620317677
34 40 80.4293822940754
35 36 50.90273653001526
36 77 58.06757755736149
37 38 49.14687558746634
38 39 99.82771278115594
38 67 96.6706835929802
39 40 93.43832798917856
41 42 63.88248272872404
41 83 42.08210399592401
43 67 78.86790290755596
44 96 16.8044954247261
45 46 16.20641196196003
47 48 68.17854860936684
48 93 81.64717465255585
50 51 1.6259888957324478
51 52 1.921863664771081
52 53 21.881671426736247
53 54 12.007561266558781
54 55 17.7895633151186
55 56 8.324434642754454
56 91 94.0161918998061
58 59 37.31596379375276
58 100 81.56188071072418
59 92 18.932156561397505
61 62 26.081909162756332
62 79 26.510503296695347
63 64 18.883774242753987
65 66 63.033460367718654
66 67 62.50611556247394
66 91 91.74141731679596
69 86 38.37484213915511
70 71 31.981014958887428
71 72 53.34854104131337
72 73 61.71847565143745
73 74 92.76904865432309
74 75 89.14347144235475
75 76 80.99815893615539
76 77 97.35259811266113
77 78 42.501292210218956
78 79 40.449370401253354
79 80 53.32512866322439
80 81 43.018083706611904
82 83 95.76503224273442
82 92 44.094236584942806
84 85 9.412746928035574
85 86 19.622889956572365
86 87 18.918407324838256
87 88 73.02808006552887
88 89 93.97564857627265
90 91 74.30005797911083
94 95 30.888757194762462
95 96 42.45965499240416
96 97 20.02362806405833
97 98 71.23813910380471
98 99 2.1602487093712313
