30
1 2 26.362268058000893
1 30 15.203768416657624
2 3 57.87361307884242
3 21 97.86421333732272
3 14 85.81634184198526
3 17 60.58880875513796
4 16 44.05141274138393
5 13 53.307083665521695
6 7 69.2155006035796
6 26 40.535313708905086
7 8 71.83607574920379
8 28 34.61842913280047
9 10 43.55536471782091
10 11 68.57758813773536
11 16 98.86835845984777
11 29 3.061779799816904
12 13 79.93260637133181
13 23 39.36180999141445
15 16 70.81129440751835
16 17 18.632681842308116
17 19 34.150044021151146
18 19 75.27410116286755
20 28 27.91781634199303
21 22 10.855685853701289
22 23 48.88436394454816
23 24 76.35148067187657
24 25 64.46680028418695
25 26 85.9942619555581
27 28 97.93666432932113
28 29 75.60678929928453
