50
1 14 6.541063803111449
1 18 4.497265363342987
2 6 4.61572254008904
3 24 8.81175645401009
3 11 1.9803270500480252
4 9 1.9769772992193921
5 16 1.382298530123899
5 7 4.1491955145353545
5 11 2.292216475335997
5 24 9.486205165388032
6 12 8.070962521579744
6 8 9.700031288273268
6 25 4.446269223540647
7 16 9.566460871076229
7 15 1.3329091313494494
8 10 9.95501966232149
9 10 7.339592918184335
9 12 1.0997797283727397
9 22 5.142969439777804
10 16 8.391869342972983
10 15 6.009953171191011
11 17 2.485687294204803
11 13 2.6605649448803623
12 16 1.908121942216333
13 20 6.4877528739151575
14 15 4.867987210435551
14 19 6.823378106179264
15 20 1.553555319599429
16 22 2.8434946209180527
16 19 1.5542782508707749
17 19 7.403730510005072
17 18 1.8436940350027218
18 22 1.9837149511756529
18 24 2.4094088402356437
19 22 2.6019316021251075
20 25 2.7393499335344442
20 23 4.942854418198247
21 23 5.405099439939455
22 23 9.049917860924314
23 24 4.353703576257017
24 25 2.0556662826762384
26 40 3.9703841161146523
26 36 4.979264256754269
27 40 4.3473689390654755
27 33 1.5437397019332675
28 37 2.911235196610461
28 40 6.388924479745522
28 43 6.545707377492144
29 46 1.1419113193182664
29 32 4.793258512031878
29 41 5.8167252480942215
30 49 4.072336522279264
30 48 4.304684838029701
31 48 4.0542059754606505
31 35 9.86844268170141
32 40 8.52679593333617
32 38 2.614864744278089
33 38 8.492597829819957
34 42 7.056642962454973
34 41 4.775880962637222
34 44 9.435050716047332
35 37 7.182962429075161
36 37 1.5055582277971666
36 42 1.065851822238665
36 43 5.80685792408033
37 49 2.435284904369631
38 45 7.469709246730092
39 45 9.272498227971917
40 48 7.123781606030609
40 45 9.339584414466193
41 42 7.985344899184835
41 48 3.769457966711953
42 49 9.904466425583108
42 46 1.1167458397569057
43 44 8.147134284065654
44 48 6.050069233091034
45 47 8.26985204671381
46 48 7.902213991240329
47 48 4.318002995212781
48 49 8.408849574196688
1 30 2.800767191254346
