30
1 3 7.24413070392276
1 8 6.949611730828687
1 12 7.706699563368495
2 8 1.8721663826816073
2 15 2.239172218495387
3 4 5.214618351246792
3 15 4.740772337558505
4 15 7.805959554327365
5 6 2.3330906205151605
6 10 9.274063173852797
7 13 1.2397867708984034
7 8 9.417431294453044
7 12 7.239445393390648
8 10 6.03897135984122
8 14 8.011782470671394
9 13 1.029231083046918
9 10 2.061600618580898
9 11 1.0662791006558265
10 13 2.245950351539534
11 14 7.890636798187511
12 15 3.1202498258918068
12 13 9.944239746290446
13 15 7.234919214224657
13 14 7.847308221891862
14 15 5.874316719455716
16 18 5.811405319686509
16 20 3.712593163258763
16 27 6.427963792888219
17 22 1.1959074705118216
17 18 9.512575982637074
17 21 3.494859643701554
17 27 1.5729079133671782
18 21 4.011340550180445
18 22 4.465165438341364
19 27 5.357950337353996
19 29 9.606570463427007
20 28 3.4649311985647877
20 25 6.441922274782315
21 24 7.303187237734868
21 25 1.6269743212757444
22 29 3.2903059218194546
22 26 3.740220206581541
23 24 8.45547868934715
23 29 2.077956253937688
24 29 3.3242575930247114
25 29 8.179377012726432
26 29 5.815218567320221
26 27 1.7142880252049313
27 28 8.375857932471508
28 29 8.333391461897211
7 18 3.557852324010052
