30
7 13 9.970204214137725
7 6 3.579625132053642
7 23 9.236854984008986
13 5 3.270501676292973
13 12 5.567242353734016
21 24 4.711723966689714
21 22 3.4206867151090856
21 4 1.1815456468076295
24 12 7.5182711612749085
24 1 7.9685880677084535
8 30 6.907517930146456
8 10 7.165286066294367
8 9 9.502808860824475
30 22 6.491695948511974
30 28 7.300177277794328
5 15 1.5765183579831064
5 3 5.5349370784762115
6 14 9.251747444674717
6 11 3.823092572101027
14 15 4.133686219562847
14 23 6.107153149019335
11 27 2.4895480254987614
11 9 4.56241014317561
15 23 4.51128454006034
4 29 4.805496249539125
4 25 2.3919550104268072
29 17 4.4513554778688365
29 10 5.057137918674259
3 9 4.570426690254223
3 22 6.5783053896846875
12 17 8.316152145540123
1 27 7.830992819648365
1 2 3.135562652304377
27 18 1.8864637655077932
20 28 6.463664016193611
20 19 8.324187345114865
20 2 9.683779475595728
28 26 2.239391779605869
16 18 5.9872756413189006
16 10 4.221675395869325
16 19 3.6922859204871763
18 2 9.34583162133655
19 26 1.8926389896502602
17 25 7.70475035217869
26 25 6.640338869366176
