16
4 5 2.3111318372331606
4 12 7.254976815444545
4 9 2.1491430447552373
5 13 4.777646208067848
5 3 1.023188118169438
13 11 9.391783934521788
13 12 6.905493014791786
6 8 3.983357506218776
6 1 8.84439898095378
6 12 6.595209210997288
8 14 1.3947645168401426
8 10 8.791319241079723
1 2 8.422297961711585
1 7 2.216720304130093
11 10 3.0707910962024254
11 7 4.096705684215889
3 15 4.445265350914977
3 2 5.029033526697703
15 14 2.2717398063916496
15 16 7.3010045116311915
14 16 5.665192378027821
7 9 3.1970167826952034
9 2 7.560871137361957
16 10 6.581427011223501
