200
98 128 7.343285077953926
98 81 2.815089473588717
98 153 5.516276014935622
128 130 3.055788834607493
128 180 9.598451661080016
141 163 2.9563224255394793
141 151 1.786069206489456
141 185 8.292190624323752
163 74 7.860066589218825
163 35 7.848023601385989
27 86 9.046496234051634
27 56 7.569116827533367
27 53 3.853809705447725
86 133 5.5029118442817335
86 64 3.7502997768866164
56 122 8.825962768837195
56 47 1.5074852299577213
122 6 1.8993459915487438
122 111 6.902252300936427
90 188 1.032093748713736
90 61 6.5605499301128605
90 42 9.494242663135623
188 192 1.39817438898414
188 200 9.077393204820353
2 96 8.7896803072694
2 102 5.0704526865130095
2 95 1.6332372199406766
96 26 4.277996386850815
96 16 7.465387382754761
79 142 7.956618977934111
79 187 8.603080428752437
79 24 9.777355168155012
142 157 5.947408393644179
142 125 1.4539719679448933
8 155 2.73370741883205
8 116 9.048276085662147
8 161 4.054998471395853
155 170 5.955098894076989
155 57 8.883286926693387
25 171 4.229003256326882
25 45 1.2800242644599642
25 44 9.507091442949651
171 55 4.065388173950176
171 95 8.337970655811402
30 106 4.707959740927525
30 176 7.149789715020367
30 52 8.290863379676516
106 127 8.616363176085581
106 68 4.498349959974317
101 102 7.476367699843633
101 168 1.9144881863350847
101 107 2.6824906920503393
102 80 1.4727516192790926
41 60 5.8446025351044515
41 127 7.850670740133301
41 36 9.751979371044355
60 140 8.632285584951822
60 10 9.153553293530408
110 114 7.2763917610416575
110 180 9.130999028626437
110 17 6.611374782860543
114 152 7.081805674056087
114 126 1.1112094610454566
21 57 5.2623566396638015
21 105 9.588422906859437
21 120 1.7585207189081835
57 51 8.137543767147005
83 194 8.853049713862935
83 144 5.0686747691879965
83 46 4.752473993216814
194 7 4.413122804664907
194 37 8.596081387868583
68 108 9.221737984858242
68 28 2.2085716463555176
108 136 6.10579167481228
108 93 7.444481337267756
42 89 1.6489647787338306
42 147 7.4692390999727465
89 178 8.094776044832123
89 159 9.882298285463355
129 191 7.40574631248009
129 63 4.866602491354347
129 146 8.97554007904137
191 77 2.9983678317092766
191 150 7.92006559294197
73 76 5.7109541698373985
73 94 1.5470411688009307
73 32 7.469858291939785
76 29 9.276639473132276
76 63 8.946935368381427
71 177 4.630159317799098
71 78 5.642217164502358
71 135 1.1922950682797175
177 4 2.4768842580303874
177 152 6.303955425791159
124 158 7.747601147130164
124 59 7.088141529167666
124 200 6.335494937302032
158 198 6.857920888574906
158 132 9.253439535730234
45 195 1.2171714878461692
45 172 3.359226593525742
94 75 1.9993215025094653
94 37 2.1110779362968026
64 92 5.395877592214004
64 200 3.8410453661993404
92 6 2.244263085319803
92 49 7.5918233153335395
140 55 2.928335831119922
140 121 5.335599489443635
3 170 1.1940866202950495
3 183 5.918962949014363
3 31 2.8749688896763654
170 50 7.673661128486511
164 179 3.5775948058327334
164 153 8.280310947433854
164 167 6.508212085504641
179 148 8.946203036572024
179 67 2.805930748041151
19 166 1.3071538629519175
19 70 3.154069505166902
19 149 5.571598139118229
166 151 5.895923149417769
166 65 8.33323661368732
72 160 5.67574623195292
72 139 8.556068224239425
72 143 7.400716741833643
160 197 5.1502836424300895
160 84 2.4686073923229825
148 187 3.128768539859326
148 144 7.29800650047748
105 52 7.219317541519999
105 150 5.547793367627097
40 54 4.8795838624373395
40 186 6.5087197354936945
40 78 7.633264511032222
54 144 2.068416241426208
54 182 1.2864142024886487
132 192 6.695777376976135
132 134 7.7740506023988605
192 97 9.281555549878286
55 134 1.5205485957903875
165 195 5.135721497347266
165 24 1.7115033634271608
165 67 2.45280936586209
195 22 2.7657573984704715
39 65 1.7948609285252228
39 181 1.4046803252434987
39 199 6.068144059771245
65 49 7.587539701199512
24 193 1.503030430484257
168 185 2.075111429263443
168 180 7.1673856880425255
81 18 7.6887394861838265
81 184 2.654563977652904
85 190 2.362935709689035
85 196 8.586522502567076
85 53 4.292467901731448
190 9 6.576092166645928
190 87 2.6491875143268215
33 97 1.156307570656443
33 44 1.3984119653978642
33 130 3.1245481090394547
97 29 9.662048206179056
22 7 3.934529605569903
22 5 4.484828411205637
36 38 7.86410711647024
36 183 8.917947524497071
38 182 9.61333353832742
38 167 2.2600228400062496
51 182 4.791387809201911
51 184 3.5353057855523558
80 75 3.971813280102424
80 62 3.5365542894333473
78 154 5.8111595542944015
130 23 5.947585442020393
109 181 9.425115597647288
109 116 2.820572584711921
109 50 5.291011530652632
181 149 9.518795187642448
12 175 4.705869531127732
12 26 8.281747012349285
12 103 9.754159317995313
175 87 6.575117146404079
175 100 6.140726128217751
35 88 6.2673894037967885
35 1 9.44788236608481
88 176 2.9178451614275076
88 173 6.488643421383751
178 104 4.049542073258172
178 189 5.2112186650273316
153 173 3.9490102381343988
133 193 1.3917154451274225
133 99 8.370958106030303
18 104 8.696593917670121
18 82 7.871913006423272
104 113 8.37530934381248
113 126 3.140201937663835
113 16 3.0035614076668082
126 118 3.1616463469700475
193 161 3.9410660542986644
116 162 1.0537117129474005
5 44 4.646741710126013
5 75 5.659589636107139
151 11 2.8633893914088695
70 47 5.350347644327848
70 37 1.8497276292461233
11 66 6.319263951129006
11 143 9.66809814096038
137 138 6.513402006687601
137 199 2.196132021312593
137 43 6.496074312609317
138 173 7.458193678486813
138 63 8.8363117307883
62 169 4.6014345815865925
62 115 6.3956171714615095
169 50 3.772007603534261
169 10 2.5761495660074054
28 112 1.504205973279463
28 145 3.9875898303079778
112 176 5.398889717616344
112 91 7.597704385830177
111 183 8.32151132579613
111 14 2.337974748548322
146 150 8.328653560766702
146 199 4.963538766182982
91 95 6.9919558927923955
91 87 4.500513725738378
32 20 8.833041140087303
32 172 7.389940172588175
46 127 8.910974187967788
46 20 7.208507888939902
152 187 4.1231949432385395
23 61 4.869863687602637
23 131 7.405372150886391
61 10 7.294549653671959
135 74 5.323461742903024
135 53 8.56421718729552
9 7 5.97428364326598
9 189 2.141812282694728
93 196 8.018593779538119
93 29 3.692374899985129
196 43 8.871047540923628
69 119 2.7426277616725
69 174 8.005531922003032
69 100 2.0537164779209975
119 58 7.336203320212775
119 48 1.0150771042528746
161 66 5.957790193306735
58 159 5.549406918176475
58 49 8.983602876466263
16 167 6.676335620438559
14 189 3.5813500913303766
14 1 3.5301136693220156
197 17 8.846308776650359
197 172 7.793305527094009
139 120 6.716185072470269
139 43 2.748486711124623
48 117 2.8363742392749884
48 174 3.7428530737752554
117 103 4.391970061064663
117 15 3.347284807448281
20 185 5.973737349878225
26 123 7.1132677246809095
184 4 4.797814549831885
31 156 3.422191356167584
31 52 3.2864270366890223
156 134 3.5905346269689433
156 107 8.812210132736071
103 118 1.9575722482851194
4 77 5.587436621663095
77 66 8.499861577740647
74 162 9.964998015756692
67 162 9.954802617790461
154 198 6.767960039826408
154 107 7.106725214170048
157 145 3.459504166154093
157 1 5.402454499966475
82 115 6.420589521493708
82 13 4.626136130218682
115 6 4.26056752514182
131 136 9.691824570490363
131 34 7.256426912041395
136 121 3.2953975917098877
174 17 8.90409506952642
15 125 5.97386321654579
15 186 3.7381368362728686
125 145 3.3729975812394484
121 143 3.66749642508565
100 84 2.6496976661744807
13 59 8.52161393900972
13 159 6.973915223851708
99 34 2.381226358880941
99 118 8.764515211843365
147 123 1.2440497417547594
147 59 5.849336625822501
186 34 7.249120074883582
123 149 6.758090794920426
120 198 9.740857419108313
47 84 9.846467025584104
