100
1 11 7.119936459680384
1 2 4.354472463508906
2 12 2.881914392190322
2 3 1.6336569712155349
3 13 8.61933352779088
3 4 4.782062848664191
4 14 8.168205460250704
4 5 8.70239391381933
5 15 2.8491647631534676
5 6 1.3272983586862797
6 16 6.322792101695063
6 7 3.9850672449541102
7 17 1.9296472416792572
7 8 3.238098535736002
8 18 5.02941312368524
8 9 7.975200732922238
9 19 3.5700320175757803
9 10 1.767112213586099
10 20 8.38628277686912
11 21 5.058647841745743
11 12 3.2842777310179434
12 22 8.043672891709036
12 13 8.81986719451651
13 23 2.477555893542079
13 14 7.54758399270899
14 24 3.4981813389702
14 15 7.248346738502265
15 25 5.559977691881881
15 16 1.5669133743118877
16 26 7.724129477769783
16 17 4.5654127579928465
17 27 5.402320066602806
17 18 6.756556709381794
18 28 8.33102569132745
18 19 9.5648747028767
19 29 7.006111764062296
19 20 5.845241048952783
20 30 7.52250252635041
21 31 8.63246944805963
21 22 5.970536297499349
22 32 2.810677224819792
22 23 9.907323076049954
23 33 7.833050136402
23 24 3.658170771054519
24 34 8.096581006138301
24 25 9.12346228833642
25 35 6.441382586934752
25 26 7.901011759736536
26 36 7.512655419409719
26 27 2.0065476001293376
27 37 1.6142959494318934
27 28 1.3664878179083253
28 38 8.293749442209524
28 29 6.302586441804667
29 39 4.284954938983175
29 30 3.328939292065349
30 40 3.041409065709775
31 41 2.521545309021117
31 32 9.282367752720509
32 42 5.010791027081838
32 33 5.414638655005444
33 43 1.8467257748115173
33 34 2.1609788800033236
34 44 4.9872084045210485
34 35 2.38500130582333
35 45 6.234674615488794
35 36 4.571565715869534
36 46 1.9792185968873834
36 37 2.8777790959658756
37 47 2.0500729911541464
37 38 3.4888654454733317
38 48 2.3423701935182653
38 39 3.6348021958934336
39 49 9.897815960377851
39 40 1.951809332002954
40 50 1.2649308939265076
41 51 7.288785866084779
41 42 5.243055701986756
42 52 2.557212448666017
42 43 8.609500185261272
43 53 2.725529554210655
43 44 6.5593174481022185
44 54 3.1287159546686842
44 45 1.5521789440610299
45 55 7.001156087399225
45 46 6.021025063731262
46 56 1.5753963292156197
46 47 6.261059767866481
47 57 2.8685252703974387
47 48 5.7153942413000625
48 58 3.3557657371423257
48 49 2.1456739805382155
49 59 6.138245425435356
49 50 3.2195896773326096
50 60 3.866252857959225
51 61 6.0047238697316505
51 52 9.407947225497228
52 62 1.049061626047914
52 53 4.236979901867938
53 63 9.375778958389848
53 54 5.5257712048032435
54 64 9.43764573755239
54 55 9.18408522889543
55 65 5.223496403009518
55 56 6.171184350776503
56 66 4.108891440435366
56 57 5.467573736512342
57 67 2.1326261133585946
57 58 9.398757982732306
58 68 9.567550949114437
58 59 9.292999453725281
59 69 8.106088574360271
59 60 1.7784181198483004
60 70 9.897147360925393
61 71 8.179890784920874
61 62 3.0290464436680633
62 72 9.607201738010037
62 63 2.7238019034438308
63 73 9.88239554437346
63 64 5.013030607599448
64 74 5.888229223325588
64 65 1.7469421754327268
65 75 2.6600946174113913
65 66 5.705949970094196
66 76 6.988950448803674
66 67 6.711040689391728
67 77 7.335795867170318
67 68 7.84711976581732
68 78 6.152713647563982
68 69 3.931080849975749
69 79 1.886089478104756
69 70 1.1645014499318282
70 80 6.090335456422436
71 81 5.58915380320689
71 72 5.988071590039413
72 82 5.206195720420622
72 73 5.866971951461976
73 83 8.919446034060826
73 74 2.258431795299475
74 84 8.884798707165903
74 75 9.066469380575159
75 85 3.170245230977809
75 76 8.263920233986024
76 86 4.618858014511718
76 77 9.732749427194731
77 87 7.499230914131084
77 78 8.26098731212585
78 88 8.018588695465652
78 79 1.6242582019552554
79 89 9.508027514528923
79 80 4.221641910290695
80 90 2.7345501189102714
81 91 7.9433303226568714
81 82 7.072527876889996
82 92 2.3853363872448607
82 83 4.0693805777817715
83 93 7.944832198402925
83 84 9.297687346321519
84 94 3.2758737661272566
84 85 7.738532500751361
85 95 7.173859066755375
85 86 9.111549780111682
86 96 2.983628369215273
86 87 7.200789505626721
87 97 1.7177547712742278
87 88 6.281476162643999
88 98 2.4644537002738165
88 89 2.7019129794332555
89 99 8.32881237026232
89 90 9.47309347585195
90 100 8.809735491662904
91 92 5.6990565450535104
92 93 6.032627829985524
93 94 4.9661536780752185
94 95 8.853716525639861
95 96 4.643354717144262
96 97 9.440586347482363
97 98 5.728371241415198
98 99 6.155798361645066
99 100 5.803595392438835
