30
1 13 6.727422551280866
2 26 9.902044214816687
2 10 9.668380599780395
3 19 5.629198878511192
3 14 8.225704861739478
3 21 4.814702168647393
4 29 5.920409510353185
4 8 3.3538580524067134
4 26 9.257963288482566
4 30 8.859403208336044
5 9 6.243494650020168
5 13 7.634331115810041
6 19 8.58517218925442
7 20 8.153505304729224
7 21 9.928125644264842
8 14 9.790364647266717
9 17 4.457252227976148
9 13 5.14184159847105
10 29 2.663318484110455
10 23 7.7519953955157535
11 28 1.8587104642907768
11 16 8.036993788407743
11 20 5.465382486911457
11 22 1.9164946385632966
12 30 5.982208772032266
13 19 7.130704210455534
13 27 1.612258816265621
14 24 7.886567736904571
14 22 4.879334711827102
15 19 6.19039525745537
15 18 9.575388583849094
16 19 2.2150783889128434
16 27 3.328195592409111
17 19 1.630855814794872
18 30 7.5445025704023925
18 25 5.575234986921667
18 26 2.046787283030527
19 30 7.74797624757753
19 26 5.1138460072830005
20 23 5.433750448798381
21 25 4.015652338292438
21 24 3.6389388437041816
21 29 9.033378700366232
22 26 8.336121041803462
23 25 3.441297675299733
23 26 5.277169959911625
24 25 5.239528354560408
25 27 5.047967148314657
26 27 1.80363647683677
27 28 3.8247528955883583
28 29 9.927420595949295
29 30 1.7818774818175473
