50
1 2 5.55660548722885
2 3 8.901482842885514
3 4 50.633216977844505
3 29 25.007064219815987
4 44 1.970661506004177
5 46 61.445566817972065
6 7 98.7381347178338
6 45 79.75573453094091
7 8 30.125076843770543
7 22 53.51626685415713
8 9 31.289699498540386
9 10 9.788414926396058
10 11 57.7344224383096
11 45 79.72298451332165
12 13 19.709204051472383
13 14 45.996544199506396
14 15 86.51423993634445
15 16 91.62772957418379
16 17 14.719601633827864
17 18 1.224130837657441
18 19 83.1417237204833
18 30 96.93259292346237
19 33 99.25935260424613
20 34 71.89136909808883
21 46 29.694103157595833
23 24 34.768144634675906
24 25 58.750104924525694
25 26 40.59436187557939
26 27 66.74092546005375
27 28 86.94783897006037
28 29 63.364152590397616
28 33 52.370701969875476
28 40 22.957104910446503
31 32 11.827672295111398
32 33 15.617517012125788
34 35 80.20342885061625
35 36 25.370681000376877
36 37 16.40981441175326
37 38 47.352335346327465
38 39 7.876800076022931
39 40 27.540695533968872
41 42 48.56615072876467
42 43 96.53947147568779
43 44 56.555029617328934
43 50 97.83587364279947
44 45 15.10743016201424
46 47 6.611797668835834
47 48 61.611896500332485
48 49 57.61934458545987
49 50 57.00306835867969
