200
1 2 87.70440508326365
2 40 21.827539705697987
2 183 41.35750447224261
3 172 93.50881574154887
4 5 69.66137131953342
4 18 29.623191324324722
5 6 94.77021763777265
6 7 86.92942073373685
7 190 39.672398133916296
8 123 57.20012910804113
9 75 44.072993229954825
10 11 48.24792495514375
11 154 65.04040768670079
11 54 45.047796676641276
12 13 8.171455168418191
13 14 38.13978047662123
13 45 79.10370464848647
13 172 24.089039354536723
14 65 22.52031488185007
15 31 62.99685551731648
15 131 72.03876055945207
15 180 25.285392072522427
16 17 1.6256270051136994
17 18 11.869509090782856
17 87 70.15281003304457
19 20 54.21106046561012
20 33 85.72641175813347
20 92 19.6433064233628
21 195 36.32071545358261
22 23 54.95624493886578
23 24 2.184412235788969
24 25 22.404883711500716
25 26 80.60195977623084
26 61 24.53154690355197
27 28 1.6868968223150063
28 29 78.86300402467084
29 43 43.345686706586285
30 31 58.37077395865047
31 32 45.61402938176014
32 149 92.91041422881251
33 34 17.567120350890534
34 35 35.69504178525655
35 36 41.30413979671255
35 118 55.99479839269151
36 37 68.3080977902709
37 38 64.29807491688156
38 39 52.24108011738467
39 40 99.48891025500986
40 41 29.207070272276397
41 61 1.6829733635606345
42 43 60.76737781293363
42 47 6.418837110809861
43 44 43.80966292968798
44 45 61.679352642786114
46 47 35.481077091887954
48 49 37.45635852019676
49 50 95.19968680728924
50 51 37.74248871356116
51 52 6.296325137038039
52 160 67.99924991380385
53 54 57.781613854762625
53 170 5.5236874595010335
53 177 6.704145735731473
55 59 62.319864756626124
56 86 30.718171215711237
57 58 63.33513727238542
57 86 83.03452690419604
58 59 75.5951840527068
59 60 40.66339281948622
59 66 50.89547990548437
59 82 73.65944132730966
60 61 4.876194865404372
61 62 65.83082421617794
62 82 43.24545525099334
63 64 53.49302492902122
64 65 39.04164378833938
65 66 46.302606232963946
67 68 14.833439841061633
68 69 4.485955525508217
69 70 89.15954019949312
70 71 88.45064347430412
71 153 7.282759557492582
72 73 17.01433061375768
73 74 51.77921505226843
74 75 71.59340317278887
75 99 29.081608667116328
75 197 72.63410450941171
76 77 94.54469498096385
76 135 72.4996805590232
76 179 84.4116145053296
77 198 10.694508217720838
78 134 47.94924180821262
79 80 27.883648326244085
80 81 11.691193798290044
81 82 56.93469074212747
81 160 22.497948573982896
83 84 69.67440242969414
84 85 43.20362810963038
85 141 95.78039224255717
88 89 83.84797748771805
89 90 38.40352734456273
90 91 89.27440708859717
91 92 33.78966198194236
93 94 52.87615180119291
94 95 75.03972311873665
95 96 34.11277991356819
96 170 20.61936530977215
97 98 50.62063531298342
98 99 2.9979873069700176
99 100 55.35404014788679
100 101 40.007755584676666
101 111 22.83807468246006
102 103 11.112604710428457
103 104 29.674856261198826
104 105 46.84368583148829
104 200 45.32997754178112
105 106 10.604152509828552
106 191 47.099696486156844
107 108 91.96049100511352
108 109 48.487899647952375
109 110 78.02524005013638
110 111 34.554377380428576
110 123 74.15503439484038
110 167 84.82800589477515
111 112 90.57497569633988
112 113 94.14044296890891
112 185 2.486905453495666
113 114 35.66844944060951
114 115 16.459810112330373
115 116 66.64736004701194
116 117 66.52793902574243
117 118 28.448970187046683
119 120 49.131611703929785
120 121 7.587884787631893
120 145 65.45238743061654
121 122 40.05316638076668
122 123 80.9448796099106
124 125 84.13750510679752
125 126 78.44533261739835
125 190 82.29326142223398
126 127 20.57294907817912
127 128 47.49988803186793
128 140 29.292005036246394
129 130 30.420074722604554
130 186 31.299899777287536
132 133 74.32684143826317
133 190 84.00342084423018
134 135 35.04286553631157
136 137 40.24555946506834
136 144 2.1080518619016573
137 138 75.34736854223853
138 139 51.56659801295347
138 173 4.557333653523457
139 191 64.03691102394677
140 141 62.52222362737478
141 142 62.876748262016385
142 192 1.1443662953573437
143 144 88.88268976264308
146 147 41.18350495160162
147 148 58.19491282096984
148 149 70.7787100943712
148 156 93.76934667244753
149 160 28.701246543118614
150 151 56.92754184307862
151 152 62.2039204466882
151 171 23.192771763180147
152 153 73.01533098626268
153 154 23.519821883844884
154 155 33.79623731839162
155 156 23.393180072561847
157 158 78.88036841892134
158 159 66.1014867745849
159 160 78.93303283307088
159 195 98.86390051613704
161 176 95.38974620127725
162 188 47.43405785660704
163 164 9.515495276553594
164 165 72.96256640301893
165 166 89.41731579448819
166 167 34.659146688526974
168 169 65.46295393884387
168 178 94.10229005573851
169 170 33.71258347189452
174 175 75.78374248190477
175 176 40.31994093018432
176 177 91.73962575674517
181 182 50.929714403546086
182 183 67.1038305483447
184 185 35.92218957367783
186 187 87.16632413993086
187 188 35.778247001115304
188 189 72.08904123157382
189 190 34.24138104144326
191 192 68.99605078448505
192 193 68.11684372756184
193 194 44.80949236021207
194 195 83.83169541488321
196 197 64.13361169023612
198 199 69.84742933999331
199 200 44.10781417571027
